res = 97 97 97
center = 0.00000000000000000000e+00 0.00000000000000000000e+00 0.00000000000000000000e+00
lengths = 3.06185579299926757812e+00 3.06185579299926757812e+00 3.06185579299926757812e+00
total roots = 178
roots size = 178
(0.00000000000000000000e+00 0.00000000000000000000e+00 0.00000000000000000000e+00 0.00000000000000000000e+00)
(-9.38467025756835937500e-01 7.82788038253784179688e-01 1.16501522064208984375e+00 0.00000000000000000000e+00)
(1.19617700576782226562e+00 -2.80407905578613281250e-01 -2.72275924682617187500e-01 0.00000000000000000000e+00)
(-1.22716325521469116211e+00 -7.10731744766235351562e-01 8.00253868103027343750e-01 0.00000000000000000000e+00)
(4.65695858001708984375e-02 4.95225906372070312500e-01 1.36917114257812500000e+00 0.00000000000000000000e+00)
(1.23824715614318847656e+00 -3.74136567115783691406e-01 -1.27734529972076416016e+00 0.00000000000000000000e+00)
(-8.84387969970703125000e-01 -7.80271887779235839844e-01 -1.39854347705841064453e+00 0.00000000000000000000e+00)
(9.70081329345703125000e-01 9.02214050292968750000e-02 5.07640838623046875000e-02 0.00000000000000000000e+00)
(-1.01820743083953857422e+00 -1.60882472991943359375e-02 -1.38908892869949340820e+00 0.00000000000000000000e+00)
(4.98451471328735351562e-01 -1.05951249599456787109e+00 -3.56523513793945312500e-01 0.00000000000000000000e+00)
(-1.30510473251342773438e+00 3.37362289428710937500e-02 -4.54882144927978515625e-01 0.00000000000000000000e+00)
(-1.10999596118927001953e+00 9.72653627395629882812e-01 1.33604812622070312500e+00 0.00000000000000000000e+00)
(1.20829105377197265625e+00 8.01005363464355468750e-02 -1.10815942287445068359e+00 0.00000000000000000000e+00)
(8.38193893432617187500e-01 -3.62586736679077148438e-01 2.74463653564453125000e-01 0.00000000000000000000e+00)
(-8.28672647476196289062e-02 -1.02217280864715576172e+00 -1.36692106723785400391e+00 0.00000000000000000000e+00)
(-1.35084360837936401367e+00 -9.17154669761657714844e-01 1.86740636825561523438e-01 0.00000000000000000000e+00)
(-1.16800117492675781250e+00 -1.02146494388580322266e+00 3.95614862442016601562e-01 0.00000000000000000000e+00)
(-5.03589510917663574219e-01 -7.59400725364685058594e-01 -2.81977653503417968750e-03 0.00000000000000000000e+00)
(-4.67297434806823730469e-01 4.81445074081420898438e-01 -1.40193116664886474609e+00 0.00000000000000000000e+00)
(-1.10987007617950439453e+00 -9.14940834045410156250e-02 9.10270214080810546875e-01 0.00000000000000000000e+00)
(1.41211271286010742188e+00 -5.00813841819763183594e-01 -9.58144187927246093750e-01 0.00000000000000000000e+00)
(-5.58238029479980468750e-01 -6.27708435058593750000e-03 1.14886665344238281250e+00 0.00000000000000000000e+00)
(6.25153541564941406250e-01 -8.36944818496704101562e-01 -1.36584883928298950195e+00 0.00000000000000000000e+00)
(-1.36257624626159667969e+00 -4.00448083877563476562e-01 8.45318794250488281250e-01 0.00000000000000000000e+00)
(-1.16740977764129638672e+00 5.09168148040771484375e-01 1.07379627227783203125e+00 0.00000000000000000000e+00)
(-9.16504621505737304688e-01 1.13207817077636718750e+00 1.25945901870727539062e+00 0.00000000000000000000e+00)
(1.66594982147216796875e-02 3.06067466735839843750e-01 1.34644985198974609375e-01 0.00000000000000000000e+00)
(-2.92745351791381835938e-01 1.77078485488891601562e-01 1.34115791320800781250e+00 0.00000000000000000000e+00)
(-1.08984333276748657227e+00 2.79034614562988281250e-01 -4.59095597267150878906e-01 0.00000000000000000000e+00)
(7.64325380325317382812e-01 4.91435527801513671875e-01 -5.00808835029602050781e-01 0.00000000000000000000e+00)
(-8.20994615554809570312e-01 -5.12863755226135253906e-01 8.80836248397827148438e-01 0.00000000000000000000e+00)
(-2.42487907409667968750e-01 5.48188924789428710938e-01 -1.31543487310409545898e+00 0.00000000000000000000e+00)
(-1.27978891134262084961e+00 -5.24850368499755859375e-01 -5.49959897994995117188e-01 0.00000000000000000000e+00)
(1.69373035430908203125e-01 -1.12853682041168212891e+00 -4.85448479652404785156e-01 0.00000000000000000000e+00)
(8.52269887924194335938e-01 -8.31502318382263183594e-01 -1.84417486190795898438e-01 0.00000000000000000000e+00)
(1.38814902305603027344e+00 -1.88046813011169433594e-01 -1.16540729999542236328e+00 0.00000000000000000000e+00)
(-7.41204023361206054688e-02 7.30456352233886718750e-01 -6.60327434539794921875e-01 0.00000000000000000000e+00)
(-9.94102597236633300781e-01 -8.43914031982421875000e-01 -3.86866092681884765625e-01 0.00000000000000000000e+00)
(-1.13930082321166992188e+00 -9.14817333221435546875e-01 6.31014108657836914062e-01 0.00000000000000000000e+00)
(-7.82522678375244140625e-01 1.59472703933715820312e-01 -1.41933572292327880859e+00 0.00000000000000000000e+00)
(2.07464694976806640625e-02 2.67844915390014648438e-01 1.08816146850585937500e+00 0.00000000000000000000e+00)
(-1.01457655429840087891e+00 7.31302976608276367188e-01 8.36899757385253906250e-01 0.00000000000000000000e+00)
(-9.28065776824951171875e-01 1.03182935714721679688e+00 1.03966164588928222656e+00 0.00000000000000000000e+00)
(-1.09142625331878662109e+00 5.11799573898315429688e-01 1.16101193428039550781e+00 0.00000000000000000000e+00)
(-6.16765499114990234375e-01 -8.55271100997924804688e-01 -1.39735937118530273438e+00 0.00000000000000000000e+00)
(-1.03102058172225952148e+00 1.06998491287231445312e+00 1.34744668006896972656e+00 0.00000000000000000000e+00)
(1.34176206588745117188e+00 1.85716152191162109375e-02 -1.05274325609207153320e+00 0.00000000000000000000e+00)
(6.13186836242675781250e-01 3.88759136199951171875e-01 -1.35619378089904785156e+00 0.00000000000000000000e+00)
(-1.37458753585815429688e+00 -2.94462442398071289062e-02 2.58281946182250976562e-01 0.00000000000000000000e+00)
(1.06735777854919433594e+00 -4.09187078475952148438e-01 1.54399871826171875000e-03 0.00000000000000000000e+00)
(1.01708698272705078125e+00 2.94543266296386718750e-01 -3.70115756988525390625e-01 0.00000000000000000000e+00)
(-1.40593159198760986328e+00 -3.11848163604736328125e-01 -3.30714941024780273438e-01 0.00000000000000000000e+00)
(5.38002967834472656250e-01 2.36513614654541015625e-02 3.72919797897338867188e-01 0.00000000000000000000e+00)
(9.08861160278320312500e-02 3.99481296539306640625e-01 1.19249534606933593750e+00 0.00000000000000000000e+00)
(-7.18994140625000000000e-02 4.02586936950683593750e-01 1.26238751411437988281e+00 0.00000000000000000000e+00)
(-7.51492738723754882812e-01 -8.81748318672180175781e-01 -1.33232104778289794922e+00 0.00000000000000000000e+00)
(-1.69631481170654296875e-01 9.50524806976318359375e-02 9.70035552978515625000e-01 0.00000000000000000000e+00)
(6.42372846603393554688e-01 -5.74918746948242187500e-01 3.08008670806884765625e-01 0.00000000000000000000e+00)
(-1.04233008623123168945e+00 -1.01007080078125000000e+00 2.21827030181884765625e-01 0.00000000000000000000e+00)
(7.45714187622070312500e-01 5.10552406311035156250e-01 -8.26568245887756347656e-01 0.00000000000000000000e+00)
(1.08058214187622070312e-01 7.14138269424438476562e-01 -4.10471677780151367188e-01 0.00000000000000000000e+00)
(1.90585851669311523438e-01 4.20063018798828125000e-01 -2.40681171417236328125e-02 0.00000000000000000000e+00)
(-9.11192297935485839844e-01 -5.90851068496704101562e-01 -1.40639835596084594727e+00 0.00000000000000000000e+00)
(4.61431503295898437500e-01 -1.08292078971862792969e+00 -8.63316297531127929688e-01 0.00000000000000000000e+00)
(2.12386131286621093750e-01 4.72676515579223632812e-01 -1.37478739023208618164e+00 0.00000000000000000000e+00)
(1.88431024551391601562e-01 -8.92288088798522949219e-01 -1.41734689474105834961e+00 0.00000000000000000000e+00)
(-1.11446595191955566406e+00 7.82513618469238281250e-01 1.26586866378784179688e+00 0.00000000000000000000e+00)
(-6.61329030990600585938e-01 4.13484096527099609375e-01 -3.38146805763244628906e-01 0.00000000000000000000e+00)
(1.00113630294799804688e+00 -9.53614711761474609375e-02 -1.38313674926757812500e+00 0.00000000000000000000e+00)
(-3.53121757507324218750e-03 -1.05506861209869384766e+00 -3.17491531372070312500e-01 0.00000000000000000000e+00)
(-1.97154760360717773438e-01 -1.01910555362701416016e+00 -1.35550707578659057617e+00 0.00000000000000000000e+00)
(-9.88774538040161132812e-01 -7.09724426269531250000e-01 8.28322410583496093750e-01 0.00000000000000000000e+00)
(1.00638628005981445312e-01 4.73143815994262695312e-01 1.32327055931091308594e+00 0.00000000000000000000e+00)
(4.40457344055175781250e-01 6.41820907592773437500e-01 -4.77105140686035156250e-01 0.00000000000000000000e+00)
(1.16288590431213378906e+00 -2.22270488739013671875e-02 -2.25948333740234375000e-01 0.00000000000000000000e+00)
(3.96101474761962890625e-02 6.88974857330322265625e-01 -8.98829460144042968750e-01 0.00000000000000000000e+00)
(-1.01059871912002563477e+00 8.56566905975341796875e-01 8.87728214263916015625e-01 0.00000000000000000000e+00)
(1.45448446273803710938e+00 -2.52138733863830566406e-01 -7.61104583740234375000e-01 0.00000000000000000000e+00)
(-9.60576534271240234375e-02 3.05709362030029296875e-01 1.44959735870361328125e+00 0.00000000000000000000e+00)
(1.06688547134399414062e+00 -6.90350770950317382812e-01 -3.39074850082397460938e-01 0.00000000000000000000e+00)
(-7.22530722618103027344e-01 -8.81598830223083496094e-01 -3.77740621566772460938e-01 0.00000000000000000000e+00)
(-7.66314506530761718750e-01 3.75444173812866210938e-01 -5.51994323730468750000e-01 0.00000000000000000000e+00)
(-1.12740004062652587891e+00 3.17410707473754882812e-01 1.04610824584960937500e+00 0.00000000000000000000e+00)
(7.94592380523681640625e-01 4.24904346466064453125e-01 -1.08562320470809936523e+00 0.00000000000000000000e+00)
(-1.34388923645019531250e-01 6.91118955612182617188e-01 -4.31113481521606445312e-01 0.00000000000000000000e+00)
(-3.35446357727050781250e-01 5.07005453109741210938e-01 -1.44139397144317626953e+00 0.00000000000000000000e+00)
(-1.28034985065460205078e+00 -1.65902137756347656250e-01 8.51771354675292968750e-01 0.00000000000000000000e+00)
(7.05546855926513671875e-01 1.76100730895996093750e-01 2.03935861587524414062e-01 0.00000000000000000000e+00)
(-3.97610306739807128906e-01 5.09126186370849609375e-02 1.24882984161376953125e+00 0.00000000000000000000e+00)
(-9.84140992164611816406e-01 -2.15222120285034179688e-01 -1.40493780374526977539e+00 0.00000000000000000000e+00)
(-9.53081369400024414062e-01 5.89823722839355468750e-02 -1.43101006746292114258e+00 0.00000000000000000000e+00)
(-1.30154168605804443359e+00 6.62236213684082031250e-02 -2.67337083816528320312e-01 0.00000000000000000000e+00)
(1.34815526008605957031e+00 -4.81939435005187988281e-01 -1.13292610645294189453e+00 0.00000000000000000000e+00)
(3.58115196228027343750e-01 -1.06794732809066772461e+00 -1.00526106357574462891e+00 0.00000000000000000000e+00)
(2.49810695648193359375e-01 -7.53371477127075195312e-01 1.97484493255615234375e-01 0.00000000000000000000e+00)
(-1.26400637626647949219e+00 -5.85057735443115234375e-02 -6.30540490150451660156e-01 0.00000000000000000000e+00)
(-1.25546848773956298828e+00 -6.50736808776855468750e-01 -3.72133493423461914062e-01 0.00000000000000000000e+00)
(6.42032146453857421875e-01 -1.78196668624877929688e-01 3.89344692230224609375e-01 0.00000000000000000000e+00)
(3.01373958587646484375e-01 -1.02566456794738769531e+00 -2.26986885070800781250e-01 0.00000000000000000000e+00)
(-8.56426715850830078125e-01 -7.73969769477844238281e-01 -1.26579618453979492188e+00 0.00000000000000000000e+00)
(-6.76844358444213867188e-01 3.78975868225097656250e-01 -9.27261114120483398438e-02 0.00000000000000000000e+00)
(-1.41629320383071899414e+00 -7.17380166053771972656e-01 1.20226860046386718750e-01 0.00000000000000000000e+00)
(-1.16654884815216064453e+00 7.03745841979980468750e-01 1.18646621704101562500e+00 0.00000000000000000000e+00)
(-1.23130214214324951172e+00 8.84387493133544921875e-02 3.87426137924194335938e-01 0.00000000000000000000e+00)
(7.24869489669799804688e-01 -7.57900714874267578125e-01 -1.36592411994934082031e+00 0.00000000000000000000e+00)
(-5.61640262603759765625e-02 -1.08811902999877929688e+00 -5.54582834243774414062e-01 0.00000000000000000000e+00)
(7.24768400192260742188e-01 -9.89681482315063476562e-01 -4.86438751220703125000e-01 0.00000000000000000000e+00)
(-5.46104907989501953125e-02 4.50063228607177734375e-01 -1.43484008312225341797e+00 0.00000000000000000000e+00)
(1.13022136688232421875e+00 1.56835794448852539062e-01 -5.19898295402526855469e-01 0.00000000000000000000e+00)
(-1.29069274663925170898e+00 -9.25306081771850585938e-01 5.42843103408813476562e-01 0.00000000000000000000e+00)
(8.64981651306152343750e-01 -6.36327147483825683594e-01 1.09348773956298828125e-01 0.00000000000000000000e+00)
(-9.17138814926147460938e-01 -8.98088455200195312500e-01 3.08004856109619140625e-01 0.00000000000000000000e+00)
(-1.08341360092163085938e+00 -7.07668542861938476562e-01 -6.33075475692749023438e-01 0.00000000000000000000e+00)
(-8.98025631904602050781e-01 1.03199386596679687500e+00 1.12929368019104003906e+00 0.00000000000000000000e+00)
(-9.33845520019531250000e-01 1.07989859580993652344e+00 1.31716704368591308594e+00 0.00000000000000000000e+00)
(1.42539739608764648438e+00 -6.46016597747802734375e-02 -8.75766515731811523438e-01 0.00000000000000000000e+00)
(-1.13692414760589599609e+00 2.19634056091308593750e-01 -1.79679036140441894531e-01 0.00000000000000000000e+00)
(8.26180219650268554688e-01 -8.63135218620300292969e-01 -9.74364399909973144531e-01 0.00000000000000000000e+00)
(2.53980159759521484375e-01 6.46870136260986328125e-01 -3.13338041305541992188e-01 0.00000000000000000000e+00)
(1.45545530319213867188e+00 -4.09735202789306640625e-01 -8.25470685958862304688e-01 0.00000000000000000000e+00)
(-8.86515617370605468750e-01 3.31047534942626953125e-01 -6.07352256774902343750e-01 0.00000000000000000000e+00)
(1.24883389472961425781e+00 -5.98899483680725097656e-01 -1.06674855947494506836e+00 0.00000000000000000000e+00)
(-1.05998349189758300781e+00 2.61172771453857421875e-01 1.04394960403442382812e+00 0.00000000000000000000e+00)
(1.04189300537109375000e+00 2.55168437957763671875e-01 -7.56013989448547363281e-01 0.00000000000000000000e+00)
(-1.38867008686065673828e+00 -4.34627532958984375000e-01 -2.40783214569091796875e-01 0.00000000000000000000e+00)
(-4.64866161346435546875e-02 1.83364391326904296875e-01 1.08020019531250000000e+00 0.00000000000000000000e+00)
(-1.37855601310729980469e+00 -1.12579703330993652344e-01 -2.57022142410278320312e-01 0.00000000000000000000e+00)
(5.31658649444580078125e-01 3.34729433059692382812e-01 8.58125686645507812500e-02 0.00000000000000000000e+00)
(4.01724815368652343750e-01 4.05916213989257812500e-01 -1.41439640522003173828e+00 0.00000000000000000000e+00)
(5.97240924835205078125e-01 5.16975402832031250000e-01 -3.07594537734985351562e-01 0.00000000000000000000e+00)
(-1.36465847492218017578e+00 -9.20520186424255371094e-01 3.90475034713745117188e-01 0.00000000000000000000e+00)
(-1.15194159746170043945e+00 -4.37284231185913085938e-01 9.15550708770751953125e-01 0.00000000000000000000e+00)
(-8.26116085052490234375e-01 -8.41559171676635742188e-01 -5.86352467536926269531e-01 0.00000000000000000000e+00)
(-1.41886603832244873047e+00 -8.60573291778564453125e-01 2.07567691802978515625e-01 0.00000000000000000000e+00)
(4.99444007873535156250e-01 -4.34949517250061035156e-01 4.13883209228515625000e-01 0.00000000000000000000e+00)
(-1.14831733703613281250e+00 1.65222406387329101562e-01 -6.05101227760314941406e-01 0.00000000000000000000e+00)
(-1.05627048015594482422e+00 5.91986656188964843750e-01 8.05399894714355468750e-01 0.00000000000000000000e+00)
(9.69748973846435546875e-01 -1.39351606369018554688e-01 1.51077032089233398438e-01 0.00000000000000000000e+00)
(1.24322462081909179688e+00 -1.33172273635864257812e-02 -1.21457064151763916016e+00 0.00000000000000000000e+00)
(-3.18110108375549316406e-01 -9.33696508407592773438e-01 -1.37436127662658691406e+00 0.00000000000000000000e+00)
(-6.30054473876953125000e-02 4.20267343521118164062e-01 1.37018871307373046875e+00 0.00000000000000000000e+00)
(1.05187749862670898438e+00 3.20868492126464843750e-02 -1.28939801454544067383e+00 0.00000000000000000000e+00)
(1.16559791564941406250e+00 -4.89462614059448242188e-01 -3.11246871948242187500e-01 0.00000000000000000000e+00)
(5.40179729461669921875e-01 -9.83340144157409667969e-01 -1.10423433780670166016e+00 0.00000000000000000000e+00)
(5.21971702575683593750e-01 5.50555229187011718750e-01 -1.09262138605117797852e+00 0.00000000000000000000e+00)
(-1.02200073003768920898e+00 -1.03671908378601074219e-01 -1.41936188936233520508e+00 0.00000000000000000000e+00)
(-1.59325599670410156250e-02 4.03610229492187500000e-01 1.46212220191955566406e+00 0.00000000000000000000e+00)
(-4.08015847206115722656e-01 -2.68207788467407226562e-02 1.08174180984497070312e+00 0.00000000000000000000e+00)
(2.03170776367187500000e-01 -1.08110409975051879883e+00 -2.96424388885498046875e-01 0.00000000000000000000e+00)
(-1.35795289278030395508e+00 -4.66742515563964843750e-02 4.85671997070312500000e-01 0.00000000000000000000e+00)
(-1.39009058475494384766e+00 -3.01952838897705078125e-01 8.14641475677490234375e-01 0.00000000000000000000e+00)
(1.70016288757324218750e-01 -1.09023463726043701172e+00 -8.74126434326171875000e-01 0.00000000000000000000e+00)
(-1.15974032878875732422e+00 -7.23452925682067871094e-01 -4.93394374847412109375e-01 0.00000000000000000000e+00)
(-2.76286721229553222656e-01 2.70788192749023437500e-01 1.07756114006042480469e+00 0.00000000000000000000e+00)
(-7.75201320648193359375e-02 1.40550136566162109375e-01 -1.36908185482025146484e+00 0.00000000000000000000e+00)
(3.94459009170532226562e-01 -8.40353012084960937500e-01 -1.41692805290222167969e+00 0.00000000000000000000e+00)
(-1.84711217880249023438e-01 2.13391065597534179688e-01 1.39551305770874023438e+00 0.00000000000000000000e+00)
(9.48510885238647460938e-01 -4.97708678245544433594e-01 1.33744478225708007812e-01 0.00000000000000000000e+00)
(9.47759151458740234375e-01 -7.84166097640991210938e-01 -9.40903902053833007812e-01 0.00000000000000000000e+00)
(-9.17659878730773925781e-01 -7.30307102203369140625e-01 -1.35126578807830810547e+00 0.00000000000000000000e+00)
(-1.15530747175216674805e+00 7.95933723449707031250e-01 1.24583792686462402344e+00 0.00000000000000000000e+00)
(-8.00758123397827148438e-01 -8.45606446266174316406e-01 -1.40678000450134277344e+00 0.00000000000000000000e+00)
(-1.19521749019622802734e+00 -2.90839552879333496094e-01 -7.53271460533142089844e-01 0.00000000000000000000e+00)
(-7.37764835357666015625e-02 -1.07852816581726074219e+00 -4.49218630790710449219e-01 0.00000000000000000000e+00)
(3.20470809936523437500e-01 -5.75062274932861328125e-01 3.64968299865722656250e-01 0.00000000000000000000e+00)
(2.26303100585937500000e-01 5.88068962097167968750e-01 -1.14271610975265502930e+00 0.00000000000000000000e+00)
(-1.04541563987731933594e+00 -9.17182445526123046875e-01 5.68440914154052734375e-01 0.00000000000000000000e+00)
(-1.00171828269958496094e+00 9.71618652343750000000e-01 9.71358299255371093750e-01 0.00000000000000000000e+00)
(9.48798656463623046875e-01 2.26184368133544921875e-01 -7.95072317123413085938e-02 0.00000000000000000000e+00)
(6.84824943542480468750e-01 2.46845245361328125000e-01 -1.38439452648162841797e+00 0.00000000000000000000e+00)
(6.95891380310058593750e-02 -9.79356050491333007812e-01 -1.36962509155273437500e+00 0.00000000000000000000e+00)
(7.78663158416748046875e-01 -2.07653045654296875000e-02 2.80815601348876953125e-01 0.00000000000000000000e+00)
(5.72268247604370117188e-01 -1.06728184223175048828e+00 -6.55463933944702148438e-01 0.00000000000000000000e+00)
(-1.33746361732482910156e+00 -2.99538373947143554688e-01 -5.47166943550109863281e-01 0.00000000000000000000e+00)
(-5.88816046714782714844e-01 -7.86643028259277343750e-02 1.08312702178955078125e+00 0.00000000000000000000e+00)
(9.52182769775390625000e-01 3.21633100509643554688e-01 -9.16308164596557617188e-01 0.00000000000000000000e+00)
(9.82993125915527343750e-01 -8.04513216018676757812e-01 -4.45261955261230468750e-01 0.00000000000000000000e+00)
(-1.35070025920867919922e+00 -6.13219261169433593750e-01 7.74579048156738281250e-01 0.00000000000000000000e+00)
2.87957669513434595387e+01
1.22872595204464516968e-04
1.47727616540743822426e+00
6.17483233948889331799e+00
2.65521743643637613275e+01
6.53785929178060598588e+00
5.90026519782811309511e+00
5.18867340378267272172e+00
4.66047355637057769684e+00
2.95023434902572967431e+00
1.45951826457916089552e+00
1.06405792855630778604e+01
1.08796931366429872057e+00
2.07382741417238669612e+00
7.43129819417101078471e+00
4.46761683455386382491e+00
5.43888735814447876749e+00
0.00000000000000000000e+00
7.61396745441033129254e+00
1.32088336103721060155e+00
6.50888370124483817136e+00
9.61637452834027683934e-01
5.52198965562888677283e+00
6.11382107002482300118e+00
5.93839023040448488189e+00
2.27070672718076416174e+01
0.00000000000000000000e+00
6.33189548770224597263e+00
3.57574769214038434839e+00
2.65967600627272293679e+00
5.76731992114427605145e+00
4.59070014880597287998e+00
4.41884783373955247754e+00
4.86046113744810437396e+00
3.72923554085027886273e+00
1.02053149020520113055e+01
5.31483245220951605603e+00
3.19928633772255777146e+00
4.69596463862280533164e+00
1.30731927976270707603e+01
7.67540720928314157412e-01
1.24664758146866749833e+00
6.39240376172448065972e+00
7.58135531883909363771e-01
7.35986994666288119049e+00
1.68987688551011352445e+01
6.02703476775027091605e+00
6.67684608217742070480e+00
6.37709080836475994403e+00
3.33073538203091512599e+00
3.75752833996900692526e+00
4.00888357646412174518e+00
1.07031909222161125683e+00
7.21816799853862089975e+00
2.23867045533857789152e+00
2.96786534742919627661e+00
2.72011198939899556670e-01
5.32871253891959462123e+00
5.58593320966934658856e+00
3.28062477999244661575e+00
3.90670125654804634152e+00
0.00000000000000000000e+00
1.28231984392636206849e+01
1.23702106650243282004e+00
3.91269210535910971771e+00
4.59164948283032980925e+00
3.07558345912209274431e+00
4.23084780111517677614e-01
6.37448033009932135684e+00
1.88954581911946650763e+00
3.82453482644624864761e+00
6.64101806941639427606e+00
6.34720401588122129510e+00
3.02356701701948038519e+00
5.76701455133575624501e+00
3.65872946276517341246e+00
3.97671224824482560933e+00
7.76574868980911148242e+00
5.11801399351649433100e+00
3.27155010996020534364e+00
1.18793500021755038532e+00
1.42547449450483676436e+00
8.64432667881754213113e+00
4.36391139135665806492e+00
4.27624741096876714863e+00
1.03461490092312153877e+01
2.94046029887286186622e+00
1.12646200972394461282e+00
2.95085777655522196739e+00
9.45943257680623972306e+00
7.21091084195186837746e+00
7.73436533395056025064e-01
6.82616412351928047997e+00
1.75263953429911722992e+00
2.49994108185366448183e+00
3.71778491199469351969e+00
1.08995702755725032418e+00
2.00761572360340112553e+00
2.26116657770122353455e+00
1.65600783836372711377e+00
0.00000000000000000000e+00
4.20983714455153368306e+00
4.71374210218673539430e+00
2.66425613942299110200e-04
8.02287333565136684399e+00
3.30827800097675295277e+00
1.61219172317977266218e+00
9.96173855729298907136e+00
2.03207023310382206560e+00
6.08337226776141193341e+00
3.62250973425706979114e+00
1.86255954591254968555e+00
1.22164379561053038081e+00
2.45063680317871401826e+00
1.60965138818568647139e+01
1.22269250145382759598e+01
1.49482068659651257114e+00
1.34651040061715243645e+00
2.61120797745936261691e+00
9.60380049959470127874e+00
1.92254203423297820308e+00
5.34915043754564578649e+00
1.96316494866319879442e+00
1.37298983071598053318e-02
1.59253946835742055121e+00
2.17376464381841749685e+00
4.09058916168360386934e+00
1.94426034204304665209e+00
4.53304240464207630623e+00
1.22716161061579431824e+00
6.33978642734867925412e+00
9.07229462375120226936e-02
2.24465264820723264805e+00
5.79848064894480419440e+00
1.84780333802148177824e+00
2.87030848208084465867e+00
2.29537566183920738183e+00
1.93161008064371042536e+00
3.46862766300515490414e+00
6.65444000423229464758e+00
1.61264193875525840838e+00
2.43174401387665195529e+00
2.52424038135895489887e+00
3.19957871002682914252e+00
1.75886859160227992938e+00
3.75999511258923257984e+00
1.15343289824034016533e+01
6.99156848725353530227e+00
1.16473270775490855833e+00
1.84199941738073635911e+00
6.59019974765002825023e+00
2.41074315093310742597e+00
2.64951221904969358434e+00
0.00000000000000000000e+00
1.23145539890951938311e+00
5.78388812868664725642e+00
6.72579634771661272197e+00
3.26689088419942041952e+00
5.86852617706919987839e-01
0.00000000000000000000e+00
7.78438585930410287261e+00
7.49347897014782304836e+00
3.03155397794294323432e+00
1.29952217658325164251e+00
1.81964944147909379879e+00
3.10355246075816770812e+00
2.19811617607118936490e+00
4.91262894459725618646e+00
1.24689131908131578541e+00
3.87379073545293328706e+00
3.75796433518926598083e+00
1.66428685488517213997e+00
3.10211178203863724434e+00
2.43527522414381608629e-01
6.38591296398341068397e+00
7.22936104409413471394e-02
3.22061839755938628116e+00
6.13293002237791995412e+00
power scale = 3.21467840934938742237e-01
total roots = 153
roots size = 153
(0.00000000000000000000e+00 0.00000000000000000000e+00 0.00000000000000000000e+00 0.00000000000000000000e+00)
(3.78503561019897460938e-01 5.06511211395263671875e-01 -1.24911999702453613281e+00 0.00000000000000000000e+00)
(-7.05312728881835937500e-01 4.01921272277832031250e-02 9.27562713623046875000e-01 0.00000000000000000000e+00)
(-1.00828528404235839844e+00 1.05050683021545410156e+00 1.16747403144836425781e+00 0.00000000000000000000e+00)
(-3.71017098426818847656e-01 -7.92982578277587890625e-02 3.61548662185668945312e-01 0.00000000000000000000e+00)
(-7.82345533370971679688e-01 -4.80368375778198242188e-01 -9.51946377754211425781e-01 0.00000000000000000000e+00)
(1.55325651168823242188e-01 7.26788997650146484375e-01 -5.51872968673706054688e-01 0.00000000000000000000e+00)
(4.25608158111572265625e-02 3.83806228637695312500e-02 -1.36755508184432983398e+00 0.00000000000000000000e+00)
(-1.66680812835693359375e-01 -8.53107333183288574219e-01 -8.24689984321594238281e-01 0.00000000000000000000e+00)
(-6.12078070640563964844e-01 2.02841520309448242188e-01 -9.63899850845336914062e-01 0.00000000000000000000e+00)
(-9.63367581367492675781e-01 1.42983675003051757812e-01 5.38305282592773437500e-01 0.00000000000000000000e+00)
(1.61925315856933593750e-01 -3.43359470367431640625e-01 -1.37412136793136596680e+00 0.00000000000000000000e+00)
(-9.51195597648620605469e-01 9.89294528961181640625e-01 1.28975248336791992188e+00 0.00000000000000000000e+00)
(-3.94005537033081054688e-01 2.14065551757812500000e-01 1.01098823547363281250e+00 0.00000000000000000000e+00)
(-1.52590632438659667969e-01 3.44589710235595703125e-01 1.18665742874145507812e+00 0.00000000000000000000e+00)
(-7.93574094772338867188e-01 -7.29923248291015625000e-02 -1.09221053123474121094e+00 0.00000000000000000000e+00)
(-2.69017219543457031250e-01 4.88443613052368164062e-01 -8.09693574905395507812e-01 0.00000000000000000000e+00)
(-7.18889832496643066406e-01 -5.90362787246704101562e-01 5.49571037292480468750e-01 0.00000000000000000000e+00)
(9.79326725006103515625e-01 -6.84538602828979492188e-01 -1.10600000619888305664e+00 0.00000000000000000000e+00)
(-1.03058481216430664062e+00 -7.88610816001892089844e-01 1.09419822692871093750e-02 0.00000000000000000000e+00)
(7.61389970779418945312e-01 3.35575819015502929688e-01 -1.24292421340942382812e+00 0.00000000000000000000e+00)
(-2.79564857482910156250e-01 1.27723693847656250000e-01 -1.37708210945129394531e+00 0.00000000000000000000e+00)
(-1.30216282606124877930e+00 -5.94154000282287597656e-01 1.40552520751953125000e-02 0.00000000000000000000e+00)
(-1.20783329010009765625e-01 -3.66264104843139648438e-01 3.38405847549438476562e-01 0.00000000000000000000e+00)
(3.37873935699462890625e-01 -4.58829641342163085938e-01 4.16444778442382812500e-01 0.00000000000000000000e+00)
(-9.39538836479187011719e-01 3.60463619232177734375e-01 7.75336265563964843750e-01 0.00000000000000000000e+00)
(1.28960847854614257812e+00 -3.23831081390380859375e-01 -6.76672697067260742188e-01 0.00000000000000000000e+00)
(-6.30338668823242187500e-01 -1.94255113601684570312e-01 6.59753322601318359375e-01 0.00000000000000000000e+00)
(-5.87697029113769531250e-02 -6.13083839416503906250e-01 -1.36915123462677001953e+00 0.00000000000000000000e+00)
(-3.18649649620056152344e-01 -7.99559354782104492188e-01 -1.12978923320770263672e+00 0.00000000000000000000e+00)
(3.32388877868652343750e-01 1.78790569305419921875e-01 -1.37258028984069824219e+00 0.00000000000000000000e+00)
(-3.54231715202331542969e-01 3.07038307189941406250e-01 -1.14749258756637573242e+00 0.00000000000000000000e+00)
(-1.49741172790527343750e-01 -8.24612021446228027344e-01 -5.98808526992797851562e-02 0.00000000000000000000e+00)
(-6.35365724563598632812e-01 -7.50647068023681640625e-01 -8.19528102874755859375e-01 0.00000000000000000000e+00)
(-3.18564176559448242188e-01 4.73307132720947265625e-01 -3.27806711196899414062e-01 0.00000000000000000000e+00)
(-4.07338142395019531250e-04 -4.57451343536376953125e-02 3.58976602554321289062e-01 0.00000000000000000000e+00)
(1.16955018043518066406e+00 6.29427433013916015625e-02 -6.79626345634460449219e-01 0.00000000000000000000e+00)
(4.22752618789672851562e-01 -8.58839750289916992188e-01 -5.53603172302246093750e-02 0.00000000000000000000e+00)
(-8.93652319908142089844e-01 5.95977783203125000000e-01 9.76029872894287109375e-01 0.00000000000000000000e+00)
(9.51094627380371093750e-02 -1.00205409526824951172e+00 -1.09105479717254638672e+00 0.00000000000000000000e+00)
(-2.98278093338012695312e-01 -8.60726714134216308594e-01 -5.02030730247497558594e-01 0.00000000000000000000e+00)
(-5.94082236289978027344e-01 -7.38809943199157714844e-01 -1.09090870618820190430e+00 0.00000000000000000000e+00)
(3.82102966308593750000e-01 -5.22202968597412109375e-01 -1.38243895769119262695e+00 0.00000000000000000000e+00)
(1.25965499877929687500e+00 -5.36334514617919921875e-01 -8.22393059730529785156e-01 0.00000000000000000000e+00)
(-9.04658317565917968750e-01 -2.94515371322631835938e-01 -1.33253192901611328125e+00 0.00000000000000000000e+00)
(-8.67599844932556152344e-01 -8.17650914192199707031e-01 1.94691896438598632812e-01 0.00000000000000000000e+00)
(-1.73839092254638671875e-01 5.24782419204711914062e-01 -1.04209423065185546875e+00 0.00000000000000000000e+00)
(-1.10638093948364257812e+00 6.90032243728637695312e-01 9.93441343307495117188e-01 0.00000000000000000000e+00)
(-7.76498556137084960938e-01 1.39778614044189453125e-01 3.33259105682373046875e-01 0.00000000000000000000e+00)
(-5.04729390144348144531e-01 3.43837261199951171875e-01 -6.68611526489257812500e-01 0.00000000000000000000e+00)
(-6.97191715240478515625e-01 -3.95415902137756347656e-01 -1.14878773689270019531e+00 0.00000000000000000000e+00)
(-9.07717704772949218750e-01 9.25992965698242187500e-01 1.05429363250732421875e+00 0.00000000000000000000e+00)
(-1.23739242553710937500e-04 2.82018661499023437500e-01 -1.38411253690719604492e+00 0.00000000000000000000e+00)
(-1.41815620660781860352e+00 -7.96152353286743164062e-01 4.53624486923217773438e-01 0.00000000000000000000e+00)
(-1.32703363895416259766e+00 -5.72758913040161132812e-02 -5.17665147781372070312e-02 0.00000000000000000000e+00)
(-6.27863883972167968750e-01 2.07568407058715820312e-01 -1.28287601470947265625e+00 0.00000000000000000000e+00)
(-1.38565373420715332031e+00 -3.74652266502380371094e-01 2.56066322326660156250e-02 0.00000000000000000000e+00)
(3.24436902999877929688e-01 -5.78600168228149414062e-02 4.19727325439453125000e-01 0.00000000000000000000e+00)
(-1.08333969116210937500e+00 9.99898195266723632812e-01 1.27637767791748046875e+00 0.00000000000000000000e+00)
(-1.16084182262420654297e+00 1.42675638198852539062e-01 7.96052217483520507812e-01 0.00000000000000000000e+00)
(-1.53195381164550781250e-01 2.02739477157592773438e-01 1.24828672409057617188e+00 0.00000000000000000000e+00)
(-5.17782926559448242188e-01 -6.15479111671447753906e-01 1.91417932510375976562e-01 0.00000000000000000000e+00)
(-1.02033132314682006836e+00 -4.74481582641601562500e-02 -8.67172122001647949219e-01 0.00000000000000000000e+00)
(1.09747886657714843750e+00 1.27963066101074218750e-01 -9.72382545471191406250e-01 0.00000000000000000000e+00)
(4.18577194213867187500e-02 3.78911972045898437500e-01 1.32182955741882324219e+00 0.00000000000000000000e+00)
(1.40693187713623046875e-02 4.53839063644409179688e-01 1.27591395378112792969e+00 0.00000000000000000000e+00)
(-3.76637458801269531250e-01 7.48682022094726562500e-03 8.70446681976318359375e-01 0.00000000000000000000e+00)
(-9.15378570556640625000e-01 -7.85637021064758300781e-01 5.61980724334716796875e-01 0.00000000000000000000e+00)
(1.23620843887329101562e+00 -2.00838088989257812500e-01 -5.57077169418334960938e-01 0.00000000000000000000e+00)
(5.27391433715820312500e-02 -6.99356079101562500000e-01 -1.36689698696136474609e+00 0.00000000000000000000e+00)
(2.72170543670654296875e-01 -9.66380834579467773438e-01 -1.21695458889007568359e+00 0.00000000000000000000e+00)
(-9.20440912246704101562e-01 2.82245874404907226562e-01 9.37565326690673828125e-01 0.00000000000000000000e+00)
(8.04286479949951171875e-01 -6.00616216659545898438e-01 -1.37510973215103149414e+00 0.00000000000000000000e+00)
(-3.66573333740234375000e-01 2.41101741790771484375e-01 1.20847797393798828125e+00 0.00000000000000000000e+00)
(5.73065042495727539062e-01 4.01936531066894531250e-01 -1.05576038360595703125e-01 0.00000000000000000000e+00)
(-9.34535026550292968750e-01 -2.88936376571655273438e-01 -9.43647503852844238281e-01 0.00000000000000000000e+00)
(1.08753132820129394531e+00 -6.60310029983520507812e-01 -8.94965410232543945312e-01 0.00000000000000000000e+00)
(-7.08557605743408203125e-01 -6.58757209777832031250e-01 -1.14234572649002075195e+00 0.00000000000000000000e+00)
(-8.58545303344726562500e-04 -8.64287495613098144531e-01 -1.00124239921569824219e-01 0.00000000000000000000e+00)
(9.83943939208984375000e-02 5.05016326904296875000e-01 -1.77826166152954101562e-01 0.00000000000000000000e+00)
(-6.87847614288330078125e-01 1.48694515228271484375e-02 7.39510774612426757812e-01 0.00000000000000000000e+00)
(-2.66093254089355468750e-01 2.60838031768798828125e-01 -1.38461387157440185547e+00 0.00000000000000000000e+00)
(8.62426757812500000000e-01 8.25388431549072265625e-02 -1.32099330425262451172e+00 0.00000000000000000000e+00)
(-1.17686468362808227539e+00 -7.04907774925231933594e-01 -1.47964358329772949219e-01 0.00000000000000000000e+00)
(-4.16925191879272460938e-01 1.79107427597045898438e-01 2.61367082595825195312e-01 0.00000000000000000000e+00)
(-1.16368007659912109375e+00 1.05556488037109375000e-01 1.14439964294433593750e-01 0.00000000000000000000e+00)
(-2.95515894889831542969e-01 -8.70459079742431640625e-01 -2.57739901542663574219e-01 0.00000000000000000000e+00)
(6.44705772399902343750e-01 -8.85075807571411132812e-01 -1.18573504686355590820e+00 0.00000000000000000000e+00)
(-3.84665012359619140625e-01 4.40146923065185546875e-01 -5.12664794921875000000e-01 0.00000000000000000000e+00)
(-1.37385725975036621094e-01 2.55609512329101562500e-01 1.03878378868103027344e+00 0.00000000000000000000e+00)
(-1.09697502851486206055e+00 8.51747512817382812500e-01 1.12253427505493164062e+00 0.00000000000000000000e+00)
(2.99544095993041992188e-01 -1.42696380615234375000e-01 -1.39915847778320312500e+00 0.00000000000000000000e+00)
(-9.91935014724731445312e-01 -5.37171006202697753906e-01 -8.34796786308288574219e-01 0.00000000000000000000e+00)
(-9.91272926330566406250e-03 -9.69186902046203613281e-01 -1.04227650165557861328e+00 0.00000000000000000000e+00)
(-1.02137047052383422852e+00 1.06118226051330566406e+00 1.24263429641723632812e+00 0.00000000000000000000e+00)
(-8.03232431411743164062e-01 7.25660324096679687500e-02 -9.30923461914062500000e-01 0.00000000000000000000e+00)
(-3.65656375885009765625e-01 -4.46618080139160156250e-01 3.09608697891235351562e-01 0.00000000000000000000e+00)
(-1.14725297689437866211e+00 3.59631776809692382812e-01 8.90524864196777343750e-01 0.00000000000000000000e+00)
(-4.83754634857177734375e-01 -8.31932067871093750000e-01 -1.26168721914291381836e+00 0.00000000000000000000e+00)
(-3.13212871551513671875e-02 -2.90729284286499023438e-01 -1.37596005201339721680e+00 0.00000000000000000000e+00)
(6.32017374038696289062e-01 -7.76357412338256835938e-01 5.18927574157714843750e-02 0.00000000000000000000e+00)
(-7.94087171554565429688e-01 -2.67236351966857910156e-01 9.17669773101806640625e-01 0.00000000000000000000e+00)
(-1.98663949966430664062e-01 3.15762996673583984375e-01 1.34132337570190429688e+00 0.00000000000000000000e+00)
(1.95170879364013671875e-01 -8.95350217819213867188e-01 -1.13382339477539062500e-01 0.00000000000000000000e+00)
(3.85020732879638671875e-01 -9.03938174247741699219e-01 -1.35378646850585937500e+00 0.00000000000000000000e+00)
(-3.02422046661376953125e-03 5.53329944610595703125e-01 -1.21685189008712768555e+00 0.00000000000000000000e+00)
(-5.83376646041870117188e-01 1.13537788391113281250e-01 1.05920028686523437500e+00 0.00000000000000000000e+00)
(2.11951732635498046875e-02 1.63521289825439453125e-01 2.61068105697631835938e-01 0.00000000000000000000e+00)
(-9.10328149795532226562e-01 1.06007862091064453125e+00 1.26249551773071289062e+00 0.00000000000000000000e+00)
(-1.25975561141967773438e+00 -1.55022144317626953125e-02 7.13538646697998046875e-01 0.00000000000000000000e+00)
(-6.74321889877319335938e-01 -3.57681870460510253906e-01 6.89681053161621093750e-01 0.00000000000000000000e+00)
(3.31342697143554687500e-01 -7.17570066452026367188e-01 -1.38818031549453735352e+00 0.00000000000000000000e+00)
(-9.40994739532470703125e-01 -8.47637653350830078125e-03 -1.27570396661758422852e+00 0.00000000000000000000e+00)
(3.52829217910766601562e-01 4.32035923004150390625e-01 -9.97848510742187500000e-02 0.00000000000000000000e+00)
(-8.02454113960266113281e-01 -5.79155445098876953125e-01 -8.92395257949829101562e-01 0.00000000000000000000e+00)
(-1.19975310564041137695e+00 -7.19285011291503906250e-01 -1.60914659500122070312e-02 0.00000000000000000000e+00)
(9.80276584625244140625e-01 1.36333703994750976562e-01 -1.16824066638946533203e+00 0.00000000000000000000e+00)
(1.64776325225830078125e-01 -1.72571301460266113281e-01 4.18259620666503906250e-01 0.00000000000000000000e+00)
(-9.52599883079528808594e-01 -6.57426118850708007812e-02 9.06749725341796875000e-01 0.00000000000000000000e+00)
(1.19998788833618164062e+00 -4.86904859542846679688e-01 -6.45799160003662109375e-01 0.00000000000000000000e+00)
(-1.01182281970977783203e+00 8.01804065704345703125e-01 1.24689674377441406250e+00 0.00000000000000000000e+00)
(-1.51022672653198242188e-01 -8.34954142570495605469e-01 -9.93682742118835449219e-01 0.00000000000000000000e+00)
(4.12554264068603515625e-01 -9.57324266433715820312e-01 -1.21500802040100097656e+00 0.00000000000000000000e+00)
(4.16310310363769531250e-01 2.76895761489868164062e-01 -1.41698944568634033203e+00 0.00000000000000000000e+00)
(-7.03622698783874511719e-01 -7.64019846916198730469e-01 3.70383262634277343750e-03 0.00000000000000000000e+00)
(-1.22482061386108398438e-01 4.67999935150146484375e-01 -1.68333172798156738281e-01 0.00000000000000000000e+00)
(-9.36663985252380371094e-01 2.10090398788452148438e-01 1.25959873199462890625e-01 0.00000000000000000000e+00)
(-1.79771780967712402344e-01 -9.00025963783264160156e-01 -6.93186759948730468750e-01 0.00000000000000000000e+00)
(-2.71386861801147460938e-01 1.32294893264770507812e-01 9.27082061767578125000e-01 0.00000000000000000000e+00)
(-3.49802494049072265625e-01 3.29599380493164062500e-02 1.17520689964294433594e+00 0.00000000000000000000e+00)
(-1.00906544923782348633e+00 3.04531574249267578125e-01 7.22644090652465820312e-01 0.00000000000000000000e+00)
(-2.51147508621215820312e-01 -5.95480203628540039062e-01 -1.39695417881011962891e+00 0.00000000000000000000e+00)
(-1.39193880558013916016e+00 -1.99768066406250000000e-01 6.32695674896240234375e-01 0.00000000000000000000e+00)
(1.29218339920043945312e+00 -5.05404472351074218750e-02 -7.78511762619018554688e-01 0.00000000000000000000e+00)
(-7.99071431159973144531e-01 -5.78658580780029296875e-01 -1.21634835004806518555e+00 0.00000000000000000000e+00)
(-1.15018618106842041016e+00 4.84077930450439453125e-01 9.75022077560424804688e-01 0.00000000000000000000e+00)
(-1.08487486839294433594e-01 3.78466844558715820312e-01 -1.42296499013900756836e+00 0.00000000000000000000e+00)
(2.85853147506713867188e-01 6.72774553298950195312e-01 -7.81705498695373535156e-01 0.00000000000000000000e+00)
(1.31217718124389648438e-01 2.64168262481689453125e-01 -1.38270711898803710938e+00 0.00000000000000000000e+00)
(-7.82935380935668945312e-01 -2.22533941268920898438e-01 -1.17705672979354858398e+00 0.00000000000000000000e+00)
(-2.77189135551452636719e-01 3.63336086273193359375e-01 -9.72974777221679687500e-01 0.00000000000000000000e+00)
(-1.13536262512207031250e+00 1.24099254608154296875e-01 6.57445192337036132812e-01 0.00000000000000000000e+00)
(3.03936243057250976562e-01 1.14035844802856445312e-01 3.41968059539794921875e-01 0.00000000000000000000e+00)
(-1.00611460208892822266e+00 1.09386610984802246094e+00 1.29694485664367675781e+00 0.00000000000000000000e+00)
(-7.68775939941406250000e-01 5.06272315979003906250e-02 -1.14429962635040283203e+00 0.00000000000000000000e+00)
(-1.23009562492370605469e-01 -9.44947957992553710938e-01 -2.82063841819763183594e-01 0.00000000000000000000e+00)
(-2.59503245353698730469e-01 4.85976934432983398438e-01 -1.20287692546844482422e+00 0.00000000000000000000e+00)
(8.37346076965332031250e-01 -8.95977020263671875000e-01 -7.21012353897094726562e-01 0.00000000000000000000e+00)
(-1.60789489746093750000e-01 -6.63918137550354003906e-01 1.61965847015380859375e-01 0.00000000000000000000e+00)
(1.16542029380798339844e+00 -6.23679876327514648438e-01 -1.01088321208953857422e+00 0.00000000000000000000e+00)
(-5.05517601966857910156e-01 3.17104578018188476562e-01 -1.26209616661071777344e+00 0.00000000000000000000e+00)
(4.97558593750000000000e-01 -5.30790686607360839844e-01 -1.41397643089294433594e+00 0.00000000000000000000e+00)
(1.13883018493652343750e-02 4.74620342254638671875e-01 1.36017847061157226562e+00 0.00000000000000000000e+00)
3.94289892683642262481e-04
1.33037841507003729014e+00
2.12187029992433710823e-02
1.99249213807979391397e-03
9.50556647270249399639e+00
7.30709409190562819703e+00
9.46905991188355189783e-05
1.96925569553251400556e+00
6.47216980118443263592e+00
7.09157854828098788147e+00
5.00688954086656146103e+00
2.06177945325918665631e+00
4.05064523795762099212e+00
4.27171994627747864115e+00
6.03042330810899152027e+00
3.68294281988534732974e+00
2.14894550240524306872e+00
4.05020301497880641506e+00
3.10597225135816334962e-01
3.80671276303844363653e+00
1.04112199172786898393e-03
1.15744500351968362386e-04
3.12152845499081665892e+00
1.00589190559775012446e+01
3.85446968965131656071e-02
1.22908831903207693692e+00
7.06866751580096863705e+00
8.53599563377223424787e-01
2.12782042766555660757e-04
5.27675738568522501026e+00
9.76649880093291455907e-01
5.63559552823365894625e+00
2.99742756117756747880e-01
3.46027656323540444561e+00
2.51471618835272803238e+00
3.67292398562077604396e+00
4.37375126697409211118e+00
4.63455457107672952333e+00
9.34401809218235612775e+00
1.11969767669633979423e+00
5.57236274031834888376e+00
2.85523959424943374330e+00
1.01327445883685784978e+00
3.49098162431261194172e+00
1.20505594944809990565e+00
6.66050644725274487712e+00
0.00000000000000000000e+00
0.00000000000000000000e+00
4.97508819769409704747e+00
3.97693225605512390430e+00
6.26113318130485918545e+00
7.98491189152371472204e+00
2.28751295790591235857e+00
0.00000000000000000000e+00
1.54818381340387589695e+00
2.01984184803865908509e-02
0.00000000000000000000e+00
1.47123147710421060618e-05
2.62439901399517916403e+00
0.00000000000000000000e+00
1.63488735760312509093e+00
3.80722677402648024270e+00
4.37265240364827808932e-04
5.24730948954166986908e+00
8.33868531715913356879e-04
7.74450124299085818080e+00
2.32831360923959529430e+00
4.72276798588116619726e+00
4.76876863130400074908e+00
4.03291008297310387548e-05
1.30776183624706643371e+00
7.31209797926113314048e+00
1.72831870256328452243e-05
2.13239397327223879517e-04
1.99128749005267757788e+00
6.12616028055375227979e+00
3.33733854095444293364e+00
7.34620506451617694132e-01
3.11851188284997560274e+00
2.00073482721836359843e+00
1.05016055024850736288e+01
5.67571384134764799975e-05
2.16637887614992230567e+00
1.20521930853306225018e+00
7.19849104903491632257e+00
3.26679690317228876850e+00
2.96262077079687768943e+00
4.69389309822907030423e+00
5.94838681884818143430e+00
8.14866769267505786090e-01
2.51308501360326186358e+00
3.02833088774531589138e+00
0.00000000000000000000e+00
1.05129385917235462777e+00
3.83084670859508815213e-03
3.06383979427879449275e+00
3.26454143306514943390e+00
0.00000000000000000000e+00
4.80016773670525032092e-01
5.32825555866224464196e-05
2.86815057140424930354e-06
0.00000000000000000000e+00
2.54023688575361372699e+00
3.40673309650990363551e+00
2.41867224177137428442e-02
0.00000000000000000000e+00
7.57739496466378348316e+00
3.44835776000040752365e+01
1.96087190533074071652e+01
0.00000000000000000000e+00
3.89724535392758575369e+00
1.80742675216865777976e+00
2.97639914235252689423e+00
1.03233681400289984964e+01
2.93035100903749866352e-02
4.24066451583489723021e+00
5.06779484037602578894e+00
3.63493930196783887610e+00
2.32768513529320175692e+00
5.09342078596842373628e+00
1.46116008336022940028e+00
8.40428699705470982906e+00
1.97947843111686982986e+00
9.41313919239098684244e-01
2.21549310850169556275e+00
1.25444079992430310710e+01
2.26172153274995269001e+00
4.62388923360529524587e+00
1.07760914996395995580e+00
3.84126455097077856848e+00
0.00000000000000000000e+00
0.00000000000000000000e+00
1.72000057960672075776e-04
9.18691344129976883437e+00
5.04251268961283649617e+00
2.14958432749014178654e-04
7.97106803205614600216e+00
0.00000000000000000000e+00
1.71243317289220442490e+00
5.30190752085752770029e+00
1.34494359108524843549e+01
6.18360980858934164428e-02
7.24513805522218975628e-05
1.67411661871473995689e+01
1.61028837902782084868e+00
1.62777656662475656013e+00
9.92234830097390663184e-01
1.40444448573145288877e-05
1.72759685732842371841e+00
2.57947785776301774519e+00
2.47314755052101405922e-04
3.48685682919755969241e-05
3.22144726525181610555e+01
power scale = 1.65997714659861544950e-01
exp scaling = 2.04171766353375124552e-39
