
 2
 2
 1
 1
 0
 2
0.1000E+04
0.0000E+00
   24
   12
 0.0    0.0
 1.0    0.0
 0.5    0.0
 2.0    0.0
 1.5    0.0
 3.0    0.0
 2.5    0.0
 4.0    0.0
 3.5    0.0
 5.0    0.0
 4.5    0.0
 5.0    1.0
 5.0    0.5
 4.0    1.0
 4.5    1.0
 3.0    1.0
 3.5    1.0
 2.0    1.0
 2.5    1.0
 1.0    1.0
 1.5    1.0
 0.0    1.0
 0.5    1.0
 0.0    0.5
    1    2    3
    2    4    5
    4    6    7
    6    8    9
    8    10   11
    10   12   13
    12   14   15
    14   16   17
    16   18   19
    18   20   21
    20   22   23
    22   1    24
    1
    12  0.0 0.0 0.0 0.0 0.0 0.0
    1
    6     0.0      -10     0.0         -10.0        0.0       -10.0
