   轴对称问题有限元计算结果 

   轴对称三角元：  结点总数：5，   单元总数：4 
 
   结点位移计算结果 
    Node           Ur            Uz     
       1        1.184895e-04        1.653312e-05
       2        8.035507e-05        2.302191e-05
       3        8.087287e-05       -7.230654e-06
       4        1.191201e-04       -1.822209e-17
       5        8.771377e-05        8.069355e-06

      轴对称单元应力分量计算结果 
Element     sigr        sigthta       sigz         taurz     
    1     -0.35187      0.93882     -0.01687     -0.03308
    2     -0.02849      0.72530     -0.04024     -0.00056
    3     -0.35172      0.94363     -0.01499      0.03202
    4     -0.57434      1.39225      0.10914     -0.00050
 
  应力结果统计分析 
最大值      -0.02849       1.39225       0.10914       0.03202  
最小值      -0.57434       0.72530      -0.04024      -0.03308  

          绕结点应力计算结果 
   Node       sigr         sigthta        sigz          taurz   
    1      -0.46311       1.16553       0.04614      -0.01679  
    2      -0.19018       0.83206      -0.02855      -0.01682  
    3      -0.19011       0.83447      -0.02761       0.01573  
    4      -0.46303       1.16794       0.04707       0.01576  
    5      -0.32661       1.00000       0.00926      -0.00053  
 
  绕点平均应力结果统计分析 
最大值      -0.19011       1.16794       0.04707       0.01576  
最小值      -0.46311       0.83206      -0.02855      -0.01682  
