0
0.194308
0.766849
0.766411
0.765971
0.765529
0.765083
0.764634
0.764182
0.763726
0.763266
0.762801
0.762332
0.761856
0.761374
0.760884
0.760386
0.759878
0.75936
0.758831
0.758288
0.75773
0.757156
0.756563
0.755951
0.755316
0.754657
0.753972
0.753256
0.752508
0.751724
0.750899
0.750029
0.749109
0.748132
0.747092
0.74598
0.744789
0.743509
0.742129
0.740638
0.739026
0.73728
0.735392
0.733351
0.731154
0.728795
0.726276
0.723599
0.720768
0.717792
0.714679
0.711439
0.708084
0.704628
0.701087
0.697476
0.69381
0.690103
0.686369
0.682618
0.678857
0.675095
0.671336
0.667583
0.663837
0.6601
0.656373
0.652655
0.648947
0.645249
0.641562
0.637888
0.634227
0.630583
0.626957
0.62335
0.619765
0.616203
0.612667
0.609157
0.605674
0.60222
0.598795
0.595399
0.592033
0.588697
0.58539
0.582112
0.578862
0.575641
0.572446
0.569278
0.566134
0.563014
0.559917
0.556841
0.553785
0.550749
0.547731
0.544733
0.541752
0.538791
0.535848
0.532925
0.530021
0.527136
0.52427
0.521424
0.518597
0.515789
0.512999
0.510228
0.507476
0.504742
0.502025
0.499327
0.496647
0.493985
0.49134
0.488713
0.486103
0.48351
0.480935
0.478376
0.475835
0.473311
0.470803
0.468312
0.465837
0.463379
0.460938
0.458512
0.456102
0.453708
0.45133
0.448967
0.44662
0.444288
0.441971
0.439668
0.437381
0.435109
0.432851
0.430608
0.428379
0.426164
0.423963
0.421775
0.419602
0.417441
0.415294
0.41316
0.411038
0.40893
0.406833
0.40475
0.402678
0.400618
0.39857
0.396534
0.39451
0.392497
0.390496
0.388506
0.386527
0.384559
0.382602
0.380656
0.37872
0.376795
0.374881
0.372977
0.371083
0.3692
0.367327
0.365464
0.363611
0.361768
0.359936
0.358113
0.3563
0.354498
0.352705
0.350922
0.34915
0.347387
0.345634
0.343891
0.342158
0.340436
0.338723
0.337021
0.335328
0.333646
0.331974
0.330312
0.32866
0.327018
0.325385
0.323763
0.322151
0.320548
0.318955
0.317371
0.315797
0.314232
0.312676
0.311129
0.30959
0.308061
0.30654
0.305028
0.303524
0.302028
0.30054
0.299061
0.29759
0.296127
0.294672
0.293224
0.291785
0.290353
0.288929
0.287513
0.286105
0.284704
0.28331
0.281924
0.280546
0.279175
0.277811
0.276455
0.275106
0.273765
0.27243
0.271103
0.269782
0.268469
0.267162
0.265863
0.26457
0.263285
0.262006
0.260733
0.259468
0.258209
0.256956
0.25571
0.254471
0.253238
0.252011
0.250791
0.249576
0.248368
0.247166
0.245969
0.244779
0.243594
0.242415
0.241242
0.240075
0.238913
0.237757
0.236606
0.235461
0.234322
0.233188
0.232059
0.230936
0.229819
0.228706
0.2276
0.226499
0.225403
0.224313
0.223228
0.222149
0.221075
0.220006
0.218943
0.217886
0.216833
0.215787
0.214745
0.21371
0.212679
0.211654
0.210635
0.20962
0.208611
0.207608
0.20661
0.205617
0.204629
0.203647
0.20267
0.201698
0.200731
0.19977
