0.420756
0.194581
0.106024
0.0633963
0.0412999
0.0290267
0.0216345
0.0167426
0.0136252
0.0113656
0.00957506
0.0081041
0.00692864
0.00605373
0.00533449
0.00471455
0.00416835
0.00372195
0.00335456
0.0030318
0.0027497
0.00249799
0.00227257
0.00206268
0.00187605
0.00170615
0.00154865
0.00140358
0.00127311
0.00115084
0.00103617
0.000925397
0.000819524
0.000717474
0.000624237
0.000530864
0.000447903
0.000384845
0.000338315
0.000299092
0.000264421
0.000232386
0.000205198
0.000179615
0.000156796
0.000135221
0.000115464
9.84675e-05
8.25983e-05
6.69565e-05
5.45027e-05
4.39846e-05
3.71207e-05
3.0672e-05
2.66469e-05
2.26557e-05
1.9799e-05
1.71773e-05
1.51331e-05
1.29917e-05
1.14071e-05
1.01378e-05
8.65045e-06
7.45377e-06
6.3156e-06
5.30578e-06
4.52813e-06
3.69763e-06
3.01435e-06
2.31597e-06
1.84221e-06
1.30615e-06
1.17403e-06
9.68291e-07
5.81352e-07
7.07815e-07
5.77577e-07
3.86939e-07
4.47339e-07
4.81314e-07
4.05814e-07
2.81239e-07
4.75652e-07
4.28464e-07
9.43754e-08
4.79427e-07
4.39789e-07
4.15252e-08
4.00152e-07
4.77539e-07
8.68253e-08
2.69914e-07
4.77539e-07
2.15176e-07
1.00038e-07
5.36052e-07
3.26539e-07
1.1325e-08
5.05852e-07
4.43564e-07
1.88751e-09
