0.552965
0.158578
0.0831209
0.0505376
0.03366
0.0236469
0.0173044
0.0131378
0.0102766
0.0082205
0.00670769
0.00557588
0.00469223
0.00395951
0.00338753
0.00292754
0.00253873
0.00223353
0.00196584
0.00173233
0.00153656
0.00134919
0.00120298
0.00107073
0.000946651
0.000836113
0.000759195
0.000670998
0.000596101
0.000534678
0.0004648
0.000400825
0.000345579
0.000297307
0.000249396
0.000209422
0.000177093
0.000158048
0.000130808
0.000117443
0.000103597
9.14748e-05
7.92615e-05
7.25621e-05
6.30172e-05
5.14421e-05
4.3689e-05
4.40932e-05
3.50797e-05
2.79625e-05
2.49466e-05
2.28801e-05
1.74979e-05
1.44025e-05
1.20566e-05
9.81742e-06
9.11342e-06
7.49648e-06
6.70846e-06
5.38221e-06
4.60326e-06
4.49426e-06
3.49957e-06
2.98633e-06
2.97498e-06
2.14153e-06
2.08021e-06
1.98483e-06
1.69869e-06
1.57833e-06
1.36486e-06
8.8568e-07
1.19907e-06
5.94995e-07
5.76827e-07
4.33756e-07
1.95304e-07
1.74865e-07
1.56697e-07
1.1582e-07
9.08389e-08
6.81292e-08
4.76904e-08
5.45034e-08
4.08775e-08
3.40646e-08
5.67743e-08
1.58968e-08
9.08389e-09
1.13549e-08
1.58968e-08
1.13549e-08
1.36258e-08
2.49807e-08
4.54195e-09
2.27097e-09
2.27097e-09
4.54195e-09
6.81292e-09
4.54195e-09
2.27097e-09
