         有限元计算结果 
 问题属性：平面应力问题,   结点总数：12，   单元总数：5 
    结点位移计算结果 

    Node        Ux          Uy     

        1        0.000000e+00        0.000000e+00

        2        0.000000e+00        0.000000e+00

        3        1.969521e-03       -1.971270e-03

        4       -1.969521e-03       -1.971270e-03

        5        3.936623e-03       -7.878774e-03

        6       -3.936623e-03       -7.878774e-03

        7        5.901911e-03       -1.771828e-02

        8       -5.901911e-03       -1.771828e-02

        9        7.865989e-03       -3.148676e-02

       10       -7.865989e-03       -3.148676e-02

       11        9.829463e-03       -4.918241e-02

       12       -9.829463e-03       -4.918241e-02

          单元高斯积分点应力分量计算结果 

       1#（-0.57735，-0.57735）        2#（0.57735，-0.57735）         3#（0.57735， 0.57735）          4#（-0.57735，0.57735）
  单元号      sigx   sigy   tau         sigx   sigy    tau              sigx      sigy      tau           sigx      sigy      tau 
    1      12.8705       3.8612      -4.5116     -12.8705      -3.8612      -4.5116     -12.8705      -3.8612       4.4977      12.8705       3.8612       4.4977  
    2      12.8547       3.8564      -4.5045     -12.8547      -3.8564      -4.5045     -12.8547      -3.8564       4.4938      12.8547       3.8564       4.4938  
    3      12.8428       3.8529      -4.4988     -12.8428      -3.8529      -4.4988     -12.8428      -3.8529       4.4911      12.8428       3.8529       4.4911  
    4      12.8349       3.8505      -4.4945     -12.8349      -3.8505      -4.4945     -12.8349      -3.8505       4.4899      12.8349       3.8505       4.4899  
    5      12.8310       3.8493      -4.4916     -12.8310      -3.8493      -4.4916     -12.8310      -3.8493       4.4901      12.8310       3.8493       4.4901  

          单元高斯积分点主应力及Mises应力 \n       1#（-0.57735，-0.57735）        2#（0.57735，-0.57735）       3#（0.57735， 0.57735）         4#（-0.57735，0.57735）
单元号      Sig1   sig2   Mises        Sig1    sig2    Mises             Sig1    sig2     Mises        Sig1    sig2     Mises 
    1      14.7413       1.9904      13.8538      -1.9904     -14.7413      13.8538      -2.0002     -14.7315      13.8403      14.7315       2.0002      13.8403  
    2      14.7221       1.9890      13.8353      -1.9890     -14.7221      13.8353      -1.9966     -14.7145      13.8248      14.7145       1.9966      13.8248  
    3      14.7075       1.9882      13.8210      -1.9882     -14.7075      13.8210      -1.9937     -14.7020      13.8135      14.7020       1.9937      13.8135  
    4      14.6973       1.9881      13.8110      -1.9881     -14.6973      13.8110      -1.9914     -14.6941      13.8065      14.6941       1.9914      13.8065  
    5      14.6917       1.9886      13.8053      -1.9886     -14.6917      13.8053      -1.9897     -14.6906      13.8038      14.6906       1.9897      13.8038  

          四点等参元结点应力分量

          1#（-1，-1）                 2#（1，-1）                     3#（1， 1）                     4#（-1，1 ）
    结点号      sigx    sigy    tau       sigx   sigy     tau          sigx      sigy    tau            sigx    sigy      tau 
    1      22.2924       6.6877      -7.8093     -22.2924      -6.6877      -7.8093     -22.2924      -6.6877       7.7954      22.2924       6.6877       7.7954  
    2      22.2650       6.6795      -7.7981     -22.2650      -6.6795      -7.7981     -22.2650      -6.6795       7.7874      22.2650       6.6795       7.7874  
    3      22.2445       6.6733      -7.7894     -22.2445      -6.6733      -7.7894     -22.2445      -6.6733       7.7817      22.2445       6.6733       7.7817  
    4      22.2308       6.6692      -7.7831     -22.2308      -6.6692      -7.7831     -22.2308      -6.6692       7.7785      22.2308       6.6692       7.7785  
    5      22.2239       6.6672      -7.7791     -22.2239      -6.6672      -7.7791     -22.2239      -6.6672       7.7776      22.2239       6.6672       7.7776  

           单元结点处主应力及Mises应力 
结点号      Sig1   sig2     Mises        Sig1     sig2     Mises       Sig1     sig2     Mises     Sig1    sig2       Mises 
    1      25.5291       3.4510      23.9905      -3.4510     -25.5291      23.9905      -3.4608     -25.5193      23.9770      25.5193       3.4608      23.9770  
    2      25.4967       3.4478      23.9595      -3.4478     -25.4967      23.9595      -3.4554     -25.4891      23.9490      25.4891       3.4554      23.9490  
    3      25.4721       3.4457      23.9360      -3.4457     -25.4721      23.9360      -3.4512     -25.4666      23.9284      25.4666       3.4512      23.9284  
    4      25.4553       3.4447      23.9197      -3.4447     -25.4553      23.9197      -3.4480     -25.4520      23.9152      25.4520       3.4480      23.9152  
    5      25.4464       3.4447      23.9109      -3.4447     -25.4464      23.9109      -3.4458     -25.4453      23.9094      25.4453       3.4458      23.9094  

          绕结点应力计算结果 
Node    sigx        sigy         tau         sig1         sig3         Mises 
    1      22.2924       6.6877      -7.8093      25.5291       3.4510      23.9905  
    2     -22.2924      -6.6877      -7.8093      -3.4510     -25.5291      23.9905  
    3      22.2787       6.6836      -0.0014      22.2787       6.6836      19.8017  
    4     -22.2787      -6.6836      -0.0014      -6.6836     -22.2787      19.8017  
    5      22.2547       6.6764      -0.0010      22.2547       6.6764      19.7804  
    6     -22.2547      -6.6764      -0.0010      -6.6764     -22.2547      19.7804  
    7      22.2376       6.6713      -0.0007      22.2376       6.6713      19.7652  
    8     -22.2376      -6.6713      -0.0007      -6.6713     -22.2376      19.7652  
    9      22.2274       6.6682      -0.0003      22.2274       6.6682      19.7561  
   10     -22.2274      -6.6682      -0.0003      -6.6682     -22.2274      19.7561  
   11      22.2239       6.6672       7.7776      25.4453       3.4458      23.9094  
   12     -22.2239      -6.6672       7.7776      -3.4458     -25.4453      23.9094  
 
  绕点平均应力结果统计分析 
最大值      22.2924       6.6877       7.7776      25.5291       6.6836      23.9905  
最小值     -22.2924      -6.6877      -7.8093      -6.6836     -25.5291      19.7561  
