该数据为算例7.2模型数据，与表7.4相对应， 桁架结构模型数据共10种类型


一、杆件材料数据（组数、列数）
    1    1
    1     2.06E+05
 

二、杆件面积组数据（组数、列数）
    2   1
 1    30  
 2    25

三、结点坐标数据
   5       2
1	0	0
2	40	40
3	80	0
4	120	40
5	160	0


四、单元构成数据（两结点号、截面组号、）
  7   3
1	1	3	1
2	3	5	1
3	2	4	1
4	1	2	2
5	2	3	2
6	3	4	2
7	4	5	2


五、位移约束数据（x方向=1，y方向=2）2/3列
   3   2
1	1	1
2	1	2
3	5	2



六、集中力数据（3列，x方向=1，y方向=2）
  2     3
1	2	2	-1.00E+03
2	4	2	-1.00E+03

七、弹性支座
   0   0

八、斜支承（2列）
   1   2

1	5	30




九、杆内集中力（3列）
  1   3
   1	6	-400	0.3



十、杆内分布力（3列） 
   1   3

1	5	10	20







