0
0.194308
0.76663
0.765757
0.764881
0.764001
0.763118
0.762231
0.761339
0.760442
0.75954
0.75863
0.757713
0.756787
0.755851
0.754903
0.753942
0.752967
0.751974
0.750963
0.749931
0.748875
0.747793
0.746682
0.745539
0.744361
0.743145
0.741887
0.740581
0.739225
0.737812
0.736336
0.73479
0.733166
0.731454
0.729644
0.727724
0.72568
0.723498
0.721159
0.718646
0.715939
0.713019
0.709865
0.706463
0.702797
0.698859
0.694647
0.690162
0.685412
0.680411
0.675174
0.669723
0.664079
0.658266
0.652311
0.646242
0.640085
0.633867
0.627611
0.621338
0.615067
0.608811
0.602583
0.59639
0.590239
0.584133
0.578074
0.572064
0.566103
0.560191
0.554327
0.548511
0.542741
0.537017
0.531339
0.525707
0.520124
0.514589
0.509106
0.503674
0.498298
0.492977
0.487713
0.482507
0.47736
0.472274
0.467251
0.462291
0.457398
0.452573
0.447815
0.443126
0.438504
0.433949
0.429459
0.425031
0.420665
0.416357
0.412107
0.407912
0.403771
0.399682
0.395645
0.391657
0.387718
0.383828
0.379985
0.376188
0.372438
0.368734
0.365076
0.361462
0.357893
0.354368
0.350886
0.347448
0.344052
0.340698
0.337387
0.334117
0.330888
0.3277
0.324552
0.321443
0.318373
0.315341
0.312346
0.309387
0.306464
0.303575
0.300719
0.297897
0.295107
0.29235
0.289624
0.286929
0.284264
0.28163
0.279025
0.276449
0.273901
0.271381
0.268889
0.266425
0.263986
0.261575
0.25919
0.25683
0.254497
0.252189
0.249906
0.247649
0.245417
0.243209
0.241026
0.238867
0.236732
0.23462
0.232532
0.230467
0.228425
0.226404
0.224406
0.222429
0.220473
0.218538
0.216623
0.214728
0.212853
0.210996
0.209159
0.20734
0.20554
0.203758
0.201993
0.200247
0.198518
0.196806
0.195111
0.193434
0.191773
0.190129
0.188501
0.186889
0.185294
0.183714
0.18215
0.180602
0.17907
0.177552
0.17605
0.174563
0.173091
0.171633
0.17019
0.168762
0.167348
0.165949
0.164563
0.163192
0.161834
0.160491
0.159161
0.157844
0.15654
0.15525
0.153973
0.152709
0.151457
0.150218
0.148992
0.147778
0.146576
0.145386
0.144208
0.143041
0.141887
0.140744
0.139612
0.138492
0.137383
0.136284
0.135197
0.134121
0.133055
0.132
0.130955
0.12992
0.128896
0.127882
0.126878
0.125884
0.124899
0.123924
0.122959
0.122003
0.121056
0.120119
0.119191
0.118271
0.117361
0.11646
0.115567
0.114683
0.113807
0.11294
0.112081
0.111231
0.110388
0.109554
0.108728
0.107909
0.107099
0.106296
0.105501
0.104713
0.103933
0.10316
0.102395
0.101637
0.100886
0.100142
0.0994052
0.0986753
0.0979524
0.0972362
0.0965269
0.0958242
0.0951281
0.0944385
0.0937555
0.0930788
0.0924085
0.0917445
0.0910867
0.090435
0.0897894
0.0891499
0.0885163
0.0878886
0.0872668
0.0866508
0.0860404
0.0854358
0.0848367
0.0842432
0.0836552
0.0830727
0.0824955
0.0819236
0.081357
0.0807956
0.0802393
0.0796882
0.0791421
0.0786009
0.0780648
0.0775335
0.0770071
