0.354021
0.190882
0.113577
0.0726476
0.049366
0.0355586
0.0268458
0.0210524
0.0171994
0.0143671
0.0121418
0.0102996
0.00877812
0.00761432
0.00667315
0.00587564
0.00517118
0.00462697
0.00417602
0.00376922
0.00343685
0.00312844
0.00285033
0.00259932
0.00237217
0.00217653
0.00198497
0.00181683
0.00166198
0.00151186
0.00137403
0.00124013
0.00109789
0.000985854
0.000861299
0.000749899
0.000648309
0.000566422
0.000502447
0.000447386
0.000396152
0.000354546
0.000318689
0.000278145
0.000250198
0.000215317
0.000191374
0.000165099
0.000139092
0.000121488
0.000104348
9.02636e-05
7.8866e-05
6.94542e-05
6.1622e-05
5.56119e-05
5.01326e-05
4.38472e-05
4.07864e-05
3.71227e-05
3.34917e-05
3.05423e-05
2.81435e-05
2.58626e-05
2.19826e-05
2.06193e-05
1.83123e-05
1.49959e-05
1.39865e-05
1.11158e-05
9.09715e-06
6.04292e-06
5.17777e-06
3.60478e-06
3.19842e-06
1.66475e-06
2.51679e-06
2.25462e-06
2.18908e-06
1.04866e-06
1.59921e-06
2.28084e-06
1.83516e-06
9.1758e-07
9.1758e-07
2.03178e-06
1.80894e-06
9.83121e-07
4.98115e-07
1.88759e-06
1.79583e-06
1.08799e-06
2.22841e-07
1.46813e-06
1.84827e-06
1.2584e-06
1.31083e-07
8.65147e-07
1.88759e-06
1.38948e-06
0
