0.230454
0.165649
0.114593
0.0843046
0.0638208
0.0491511
0.0390312
0.0316515
0.0262481
0.0221661
0.0187878
0.0161035
0.0139374
0.0119441
0.0104215
0.00909826
0.0080626
0.00721212
0.00660149
0.00595702
0.00542472
0.00501297
0.00460556
0.00422235
0.00394641
0.00367858
0.0034204
0.00318417
0.00292935
0.00275355
0.0025246
0.00231663
0.00211271
0.00198153
0.00172167
0.00159118
0.00136642
0.00119636
0.00109999
0.000978455
0.000881672
0.000802512
0.000734401
0.000648527
0.000597618
0.000511046
0.000491465
0.000435242
0.000370487
0.000322236
0.000294683
0.000269369
0.000220558
0.00020811
0.000187831
0.000166572
0.000145034
0.000133146
0.000124195
0.000123775
0.000111328
0.000100699
8.6433e-05
8.75519e-05
8.22372e-05
6.6573e-05
6.76918e-05
4.89507e-05
5.51045e-05
4.27969e-05
3.27271e-05
3.10487e-05
2.40558e-05
1.31468e-05
1.23076e-05
1.51048e-05
1.11887e-05
1.14685e-05
1.00699e-05
1.00699e-05
5.87409e-06
5.03493e-06
9.79014e-06
1.06293e-05
9.79014e-06
9.23071e-06
7.83212e-06
2.23775e-06
4.47549e-06
9.23071e-06
1.00699e-05
9.79014e-06
1.00699e-05
2.23775e-06
1.11887e-06
3.0769e-06
9.51043e-06
1.0909e-05
9.51043e-06
6.1538e-06
2.79718e-07
