0.642774
0.141155
0.068351
0.0406174
0.0265678
0.0183256
0.0130736
0.00957661
0.00723096
0.00557965
0.00437855
0.0035059
0.00285052
0.00236281
0.00197179
0.00166209
0.00140841
0.00119918
0.00102244
0.000879661
0.000752473
0.000645596
0.000557338
0.000480974
0.000418979
0.000364378
0.000315868
0.000277336
0.000236609
0.000207068
0.000181757
0.000155729
0.000135709
0.000118199
0.000100577
8.60315e-05
7.40905e-05
6.03206e-05
5.1109e-05
4.35686e-05
3.64911e-05
2.98638e-05
2.57484e-05
2.10475e-05
1.74049e-05
1.47856e-05
1.23839e-05
1.09203e-05
9.00393e-06
7.95318e-06
7.08006e-06
5.77163e-06
5.50644e-06
5.05361e-06
4.30308e-06
3.76019e-06
3.24232e-06
2.84703e-06
2.39671e-06
2.46176e-06
1.89385e-06
1.62366e-06
1.83131e-06
1.47105e-06
9.85704e-07
7.78056e-07
5.90422e-07
5.52895e-07
5.32881e-07
4.15297e-07
4.67834e-07
4.15297e-07
2.02645e-07
1.82631e-07
2.57684e-07
2.45175e-07
1.70122e-07
2.47677e-07
2.17656e-07
1.17584e-07
1.00072e-07
1.27591e-07
8.00572e-08
7.75554e-08
1.25089e-07
1.6762e-07
1.32595e-07
4.7534e-08
1.07577e-07
7.50536e-08
6.25447e-08
5.75411e-08
1.6762e-07
1.22588e-07
8.00572e-08
5.00358e-08
5.25375e-08
4.00286e-08
2.00143e-08
5.00358e-09
2.50179e-09
