  1.0000000e+000  0.0000000e+000
  1.0147253e+000  1.0147591e-002
  1.0280265e+000  2.0563272e-002
  1.0386988e+000  3.1170314e-002
  1.0457648e+000  4.1852915e-002
  1.0485627e+000  5.2471868e-002
  1.0468053e+000  6.2883797e-002
  1.0406058e+000  7.2961613e-002
  1.0304668e+000  8.2613666e-002
  1.0172352e+000  9.1799163e-002
  1.0020249e+000  1.0053784e-001
  9.8611648e-001  1.0891245e-001
  9.7084173e-001  1.1706345e-001
  9.5746376e-001  1.2517624e-001
  9.4706358e-001  1.3346199e-001
  9.4044340e-001  1.4213412e-001
  9.3805524e-001  1.5138285e-001
  9.3996132e-001  1.6135077e-001
  9.4582972e-001  1.7211219e-001
  9.5496546e-001  1.8365880e-001
  9.6637429e-001  1.9589377e-001
  9.7885314e-001  2.0863515e-001
  9.9109907e-001  2.2162900e-001
  1.0018268e+000  2.3457109e-001
  1.0098840e+000  2.4713547e-001
  1.0143544e+000  2.5900720e-001
  1.0146391e+000  2.6991586e-001
  1.0105085e+000  2.7966644e-001
  1.0021213e+000  2.8816431e-001
  9.9000819e-001  2.9543110e-001
  9.7502208e-001  3.0160967e-001
  9.5825968e-001  3.0695693e-001
  9.4096156e-001  3.1182469e-001
  9.2439993e-001  3.1662996e-001
  9.0976416e-001  3.2181713e-001
  8.9805460e-001  3.2781552e-001
  8.8999407e-001  3.3499631e-001
  8.8596492e-001  3.4363315e-001
  8.8597724e-001  3.5387058e-001
  8.8967078e-001  3.6570355e-001
  8.9635017e-001  3.7897078e-001
  9.0505005e-001  3.9336300e-001
  9.1462398e-001  4.0844596e-001
  9.2384890e-001  4.2369653e-001
  9.3153564e-001  4.3854884e-001
  9.3663537e-001  4.5244646e-001
  9.3833254e-001  4.6489570e-001
  9.3611592e-001  4.7551496e-001
  9.2982160e-001  4.8407521e-001
  9.1964437e-001  4.9052741e-001
  9.0611663e-001  4.9501377e-001
  8.9005717e-001  4.9786123e-001
  8.7249471e-001  4.9955717e-001
  8.5457336e-001  5.0070907e-001
  8.3744866e-001  5.0199153e-001
  8.2218380e-001  5.0408517e-001
  8.0965533e-001  5.0761303e-001
  8.0047671e-001  5.1308040e-001
  7.9494653e-001  5.2082388e-001
  7.9302559e-001  5.3097476e-001
  7.9434479e-001  5.4344051e-001
  7.9824256e-001  5.5790678e-001
  8.0382813e-001  5.7386014e-001
  8.1006465e-001  5.9063007e-001
  8.1586433e-001  6.0744675e-001
  8.2018682e-001  6.2350963e-001
  8.2213203e-001  6.3806071e-001
  8.2101889e-001  6.5045564e-001
  8.1644330e-001  6.6022616e-001
  8.0831028e-001  6.6712765e-001
  7.9683766e-001  6.7116711e-001
  7.8253173e-001  6.7260845e-001
  7.6613704e-001  6.7195421e-001
  7.4856578e-001  6.6990464e-001
  7.3081299e-001  6.6729769e-001
  7.1386586e-001  6.6503491e-001
  6.9861526e-001  6.6399989e-001
  6.8577744e-001  6.6497667e-001
  6.7583296e-001  6.6857555e-001
  6.6898789e-001  6.7517354e-001
  6.6516058e-001  6.8487498e-001
  6.6399462e-001  6.9749657e-001
  6.6489632e-001  7.1257851e-001
  6.6709290e-001  7.2942134e-001
  6.6970577e-001  7.4714542e-001
  6.7183177e-001  7.6476808e-001
  6.7262503e-001  7.8129154e-001
  6.7137190e-001  7.9579380e-001
  6.6755234e-001  8.0751411e-001
  6.6088243e-001  8.1592509e-001
  6.5133461e-001  8.2078466e-001
  6.3913420e-001  8.2216266e-001
  6.2473317e-001  8.2043939e-001
  6.0876396e-001  8.1627566e-001
  5.9197807e-001  8.1055678e-001
  5.7517535e-001  8.0431519e-001
  5.5913068e-001  7.9863849e-001
  5.4452478e-001  7.9457118e-001
  5.3188538e-001  7.9301891e-001
  5.2154378e-001  7.9466413e-001
  5.1361052e-001  7.9990099e-001
  5.0797171e-001  8.0879562e-001
  5.0430599e-001  8.2107592e-001
  5.0211978e-001  8.3615195e-001
  5.0079731e-001  8.5316561e-001
  4.9966021e-001  8.7106530e-001
  4.9803111e-001  8.8869907e-001
  4.9529508e-001  9.0491808e-001
  4.9095352e-001  9.1868074e-001
  4.8466561e-001  9.2914847e-001
  4.7627393e-001  9.3576380e-001
  4.6581248e-001  9.3830388e-001
  4.5349677e-001  9.3690403e-001
  4.3969757e-001  9.3204900e-001
  4.2490139e-001  9.2453237e-001
  4.0966159e-001  9.1538757e-001
  3.9454523e-001  9.0579636e-001
  3.8008066e-001  8.9698316e-001
  3.6671068e-001  8.9010449e-001
  3.5475554e-001  8.8614365e-001
  3.4438882e-001  8.8582025e-001
  3.3562793e-001  8.8952295e-001
  3.2833969e-001  8.9727168e-001
  3.2225970e-001  9.0871297e-001
  3.1702316e-001  9.2314922e-001
  3.1220384e-001  9.3959922e-001
  3.0735696e-001  9.5688493e-001
  3.0206185e-001  9.7373660e-001
  2.9596029e-001  9.8890693e-001
  2.8878698e-001  1.0012838e+000
  2.8038954e-001  1.0099918e+000
  2.7073670e-001  1.0144723e+000
  2.5991431e-001  1.0145359e+000
  2.4811017e-001  1.0103815e+000
  2.3558978e-001  1.0025801e+000
  2.2266575e-001  9.9202531e-001
  2.0966440e-001  9.7985423e-001
  1.9689278e-001  9.6734566e-001
  1.8460976e-001  9.5580549e-001
  1.7300362e-001  9.4644891e-001
  1.6217822e-001  9.4029043e-001
  1.5214881e-001  9.3805158e-001
  1.4284725e-001  9.4009480e-001
  1.3413570e-001  9.4638955e-001
  1.2582686e-001  9.5651387e-001
  1.1770822e-001  9.6969121e-001
  1.0956752e-001  9.8485949e-001
  1.0121656e-001  1.0007661e+000
  9.2510726e-002  1.0160804e+000
  8.3362368e-002  1.0295133e+000
  7.3746728e-002  1.0399336e+000
  6.3700044e-002  1.0464702e+000
  5.3310417e-002  1.0485907e+000
  4.2702782e-002  1.0461503e+000
  3.2019965e-002  1.0394045e+000
  2.1402241e-002  1.0289873e+000
  1.0967914e-002  1.0158536e+000
  7.9727782e-004  1.0011941e+000
 -9.0780920e-003  9.8632746e-001
 -1.8679450e-002  9.7258233e-001
 -2.8077889e-002  9.6117725e-001
 -3.7384616e-002  9.5311123e-001
 -4.6735646e-002  9.4907395e-001
 -5.6272775e-002  9.4938388e-001
 -6.6123126e-002  9.5395998e-001
 -7.6379805e-002  9.6232939e-001
 -8.7086100e-002  9.7367052e-001
 -9.8225294e-002  9.8688743e-001
 -1.0971758e-001  1.0007089e+000
 -1.2142471e-001  1.0138029e+000
 -1.3316226e-001  1.0248969e+000
 -1.4471832e-001  1.0328918e+000
 -1.5587673e-001  1.0369605e+000
 -1.6644251e-001  1.0366213e+000
 -1.7626649e-001  1.0317808e+000
 -1.8526632e-001  1.0227405e+000
 -1.9344143e-001  1.0101687e+000
 -2.0087963e-001  9.9503919e-001
 -2.0775447e-001  9.7854265e-001
 -2.1431291e-001  9.6197871e-001
 -2.2085419e-001  9.4663886e-001
 -2.2770174e-001  9.3369038e-001
 -2.3517066e-001  9.2407211e-001
 -2.4353420e-001  9.1841113e-001
 -2.5299241e-001  9.1696806e-001
 -2.6364672e-001  9.1961548e-001
 -2.7548317e-001  9.2585147e-001
 -2.8836653e-001  9.3484682e-001
 -3.0204651e-001  9.4552138e-001
 -3.1617599e-001  9.5664261e-001
 -3.3033994e-001  9.6693722e-001
 -3.4409275e-001  9.7520581e-001
 -3.5700041e-001  9.8043010e-001
 -3.6868370e-001  9.8186316e-001
 -3.7885804e-001  9.7909462e-001
 -3.8736584e-001  9.7208508e-001
 -3.9419794e-001  9.6116689e-001
 -3.9950141e-001  9.4701151e-001
 -4.0357256e-001  9.3056657e-001
 -4.0683499e-001  9.1296856e-001
 -4.0980454e-001  8.9543925e-001
 -4.1304369e-001  8.7917538e-001
 -4.1710978e-001  8.6524141e-001
 -4.2250159e-001  8.5447529e-001
 -4.2960948e-001  8.4741532e-001
 -4.3867404e-001  8.4425481e-001
 -4.4975750e-001  8.4482810e-001
 -4.6273111e-001  8.4862912e-001
 -4.7728021e-001  8.5486029e-001
 -4.9292718e-001  8.6250732e-001
 -5.0907055e-001  8.7043252e-001
 -5.2503716e-001  8.7747840e-001
 -5.4014284e-001  8.8257179e-001
 -5.5375594e-001  8.8481924e-001
 -5.6535808e-001  8.8358511e-001
 -5.7459597e-001  8.7854560e-001
 -5.8131936e-001  8.6971396e-001
 -5.8560109e-001  8.5743511e-001
 -5.8773674e-001  8.4235049e-001
 -5.8822356e-001  8.2533656e-001
 -5.8771985e-001  8.0742308e-001
 -5.8698831e-001  7.8969858e-001
 -5.8682810e-001  7.7321188e-001
 -5.8800168e-001  7.5887859e-001
 -5.9116332e-001  7.4740086e-001
 -5.9679568e-001  7.3920761e-001
 -6.0516095e-001  7.3442021e-001
 -6.1627113e-001  7.3284647e-001
 -6.2988084e-001  7.3400284e-001
 -6.4550383e-001  7.3716265e-001
 -6.6245210e-001  7.4142543e-001
 -6.7989460e-001  7.4580076e-001
 -6.9693042e-001  7.4929882e-001
 -7.1267003e-001  7.5101940e-001
 -7.2631715e-001  7.5023119e-001
 -7.3724378e-001  7.4643453e-001
 -7.4505115e-001  7.3940203e-001
 -7.4961092e-001  7.2919397e-001
 -7.5108215e-001  7.1614740e-001
 -7.4990224e-001  7.0084045e-001
 -7.4675210e-001  6.8403560e-001
 -7.4249830e-001  6.6660740e-001
 -7.3811710e-001  6.4946159e-001
 -7.3460709e-001  6.3345298e-001
 -7.3289824e-001  6.1930971e-001
 -7.3376570e-001  6.0757060e-001
 -7.3775637e-001  5.9854095e-001
 -7.4513512e-001  5.9227047e-001
 -7.5585601e-001  5.8855488e-001
 -7.6956151e-001  5.8696035e-001
 -7.8561018e-001  5.8686832e-001
 -8.0313079e-001  5.8753586e-001
 -8.2109822e-001  5.8816589e-001
 -8.3842450e-001  5.8798052e-001
 -8.5405694e-001  5.8629083e-001
 -8.6707441e-001  5.8255674e-001
 -8.7677286e-001  5.7643179e-001
 -8.8273228e-001  5.6778914e-001
 -8.8485853e-001  5.5672682e-001
 -8.8339605e-001  5.4355243e-001
 -8.7890987e-001  5.2874920e-001
 -8.7223814e-001  5.1292699e-001
 -8.6441925e-001  4.9676319e-001
 -8.5659985e-001  4.8093931e-001
 -8.4993194e-001  4.6607910e-001
 -8.4546832e-001  4.5269388e-001
 -8.4406596e-001  4.4113997e-001
 -8.4630608e-001  4.3159167e-001
 -8.5243856e-001  4.2403187e-001
 -8.6235581e-001  4.1826056e-001
 -8.7559893e-001  4.1391981e-001
 -8.9139589e-001  4.1053245e-001
 -9.0872843e-001  4.0755032e-001
 -9.2642200e-001  4.0440732e-001
 -9.4325073e-001  4.0057202e-001
 -9.5804791e-001  3.9559513e-001
 -9.6981212e-001  3.8914742e-001
 -9.7779915e-001  3.8104495e-001
 -9.8159148e-001  3.7125973e-001
 -9.8113846e-001  3.5991535e-001
 -9.7676376e-001  3.4726865e-001
 -9.6913873e-001  3.3367965e-001
 -9.5922421e-001  3.1957312e-001
 -9.4818560e-001  3.0539586e-001
 -9.3728884e-001  2.9157384e-001
 -9.2778665e-001  2.7847339e-001
 -9.2080519e-001  2.6637003e-001
 -9.1724154e-001  2.5542750e-001
 -9.1768128e-001  2.4568863e-001
 -9.2234382e-001  2.3707843e-001
 -9.3106063e-001  2.2941836e-001
 -9.4328836e-001  2.2245000e-001
 -9.5815606e-001  2.1586520e-001
 -9.7454218e-001  2.0933947e-001
 -9.9117463e-001  2.0256504e-001
 -1.0067449e+000  1.9528023e-001
 -1.0200261e+000  1.8729250e-001
 -1.0299835e+000  1.7849291e-001
 -1.0358693e+000  1.6886121e-001
 -1.0372903e+000  1.5846128e-001
 -1.0342450e+000  1.4742805e-001
 -1.0271249e+000  1.3594771e-001
 -1.0166800e+000  1.2423368e-001
 -1.0039528e+000  1.1250113e-001
 -9.9018428e-001  1.0094297e-001
 -9.7670313e-001  8.9709837e-002
 -9.6480587e-001  7.8896229e-002
 -9.5564008e-001  6.8533940e-002
 -9.5010073e-001  5.8593338e-002
 -9.4874915e-001  4.8991963e-002
 -9.5176205e-001  3.9609152e-002
 -9.5891516e-001  3.0304757e-002
 -9.6960306e-001  2.0939557e-002
 -9.8289339e-001  1.1394853e-002
 -9.9761066e-001  1.5888495e-003
 -1.0124420e+000 -8.5121508e-003
 -1.0260551e+000 -1.8889085e-002
 -1.0372186e+000 -2.9472555e-002
 -1.0449123e+000 -4.0152053e-002
 -1.0484193e+000 -5.0790877e-002
 -1.0473903e+000 -6.1244948e-002
 -1.0418743e+000 -7.1383238e-002
 -1.0323142e+000 -8.1107296e-002
 -1.0195064e+000 -9.0367413e-002
 -1.0045285e+000 -9.9173321e-002
 -9.8864197e-001 -1.0759789e-001
 -9.7317854e-001 -1.1577305e-001
 -9.5942013e-001 -1.2387820e-001
 -9.4848378e-001 -1.3212187e-001
 -9.4122161e-001 -1.4071882e-001
 -9.3814494e-001 -1.4986467e-001
 -9.3937932e-001 -1.5971110e-001
 -9.4465440e-001 -1.7034444e-001
 -9.5332954e-001 -1.8177018e-001
 -9.6445271e-001 -1.9390560e-001
 -9.7684718e-001 -2.0658169e-001
 -9.8921812e-001 -2.1955471e-001
 -1.0002695e+000 -2.3252667e-001
 -1.0088206e+000 -2.4517299e-001
 -1.0139114e+000 -2.5717468e-001
 -1.0148880e+000 -2.6825206e-001
 -1.0114600e+000 -2.7819626e-001
 -1.0037244e+000 -2.8689532e-001
 -9.9215516e-001 -2.9435173e-001
 -9.7755841e-001 -3.0068920e-001
 -9.6099828e-001 -3.0614745e-001
 -9.4369975e-001 -3.1106493e-001
 -9.2693772e-001 -3.1585062e-001
 -9.1192220e-001 -3.2094732e-001
 -8.9969013e-001 -3.2678965e-001
 -8.9101347e-001 -3.3376085e-001
 -8.8633180e-001 -3.4215248e-001
 -8.8571525e-001 -3.5213130e-001
 -8.8886102e-001 -3.6371693e-001
 -8.9512347e-001 -3.7677281e-001
 -9.0357481e-001 -3.9101206e-001
 -9.1309075e-001 -4.0601825e-001
 -9.2245305e-001 -4.2127950e-001
 -9.3045982e-001 -4.3623338e-001
 -9.3603318e-001 -4.5031834e-001
 -9.3831503e-001 -4.6302725e-001
 -9.3674200e-001 -4.7395765e-001
 -9.3109327e-001 -4.8285398e-001
 -9.2150708e-001 -4.8963736e-001
 -9.0846475e-001 -4.9441951e-001
 -8.9274401e-001 -4.9749911e-001
 -8.7534611e-001 -4.9934030e-001
 -8.5740359e-001 -5.0053472e-001
 -8.4007725e-001 -5.0175022e-001
 -8.2445165e-001 -5.0367072e-001
 -8.1143873e-001 -5.0693261e-001
 -8.0169803e-001 -5.1206366e-001
 -7.9558060e-001 -5.1943022e-001
 -7.9310130e-001 -5.2919800e-001
 -7.9394183e-001 -5.4131054e-001
 -7.9748353e-001 -5.5548783e-001
 -8.0286702e-001 -5.7124580e-001
 -8.0907256e-001 -5.8793542e-001
 -8.1501384e-001 -6.0479832e-001
 -8.1963652e-001 -6.2103398e-001
 -8.2201242e-001 -6.3587271e-001
 -8.2142111e-001 -6.4864761e-001
 -8.1741152e-001 -6.5885872e-001
 -8.0983843e-001 -6.6622337e-001
 -7.9887079e-001 -6.7070752e-001
 -7.8497167e-001 -6.7253481e-001
 -7.6885197e-001 -6.7217193e-001
 -7.5140255e-001 -6.7029122e-001
 -7.3361128e-001 -6.6771338e-001
 -7.1647270e-001 -6.6533518e-001
 -7.0089860e-001 -6.6404861e-001
 -6.8763766e-001 -6.6465882e-001
 -6.7721117e-001 -6.6780824e-001
 -6.6987052e-001 -6.7391422e-001
 -6.6557967e-001 -6.8312622e-001
 -6.6402406e-001 -6.9530667e-001
 -6.6464436e-001 -7.1003799e-001
 -6.6669174e-001 -7.2665544e-001
 -6.6929913e-001 -7.4430331e-001
 -6.7156173e-001 -7.6200962e-001
 -6.7261926e-001 -7.7877289e-001
 -6.7173249e-001 -7.9365311e-001
 -6.6834715e-001 -8.0585857e-001
 -6.6213977e-001 -8.1482066e-001
 -6.5304155e-001 -8.2024937e-001
 -6.4123875e-001 -8.2216422e-001
 -6.2714987e-001 -8.2089735e-001
 -6.1138237e-001 -8.1706801e-001
 -5.9467338e-001 -8.1153046e-001
 -5.7781995e-001 -8.0529957e-001
 -5.6160577e-001 -7.9946069e-001
 -5.4673083e-001 -7.9507175e-001
 -5.3375058e-001 -7.9306656e-001
 -5.2302976e-001 -7.9416807e-001
 -5.1471485e-001 -7.9881971e-001
 -5.0872709e-001 -8.0714134e-001
 -5.0477625e-001 -8.1891414e-001
 -5.0239314e-001 -8.3359620e-001
 -5.0097766e-001 -8.5036769e-001
 -4.9985717e-001 -8.6820199e-001
 -4.9834990e-001 -8.8595637e-001
 -4.9582713e-001 -9.0247441e-001
 -4.9176857e-001 -9.1669073e-001
 -4.8580611e-001 -9.2772860e-001
 -4.7775214e-001 -9.3498150e-001
 -4.6761037e-001 -9.3817090e-001
 -4.5556875e-001 -9.3737480e-001
 -4.4197571e-001 -9.3302423e-001
 -4.2730237e-001 -9.2586753e-001
 -4.1209497e-001 -9.1690555e-001
 -3.9692197e-001 -9.0730325e-001
 -3.8232124e-001 -8.9828565e-001
 -3.6875196e-001 -8.9102739e-001
 -3.5655588e-001 -8.8654591e-001
 -3.4593096e-001 -8.8560799e-001
 -3.3691950e-001 -8.8865837e-001
 -3.2941135e-001 -8.9577688e-001
 -3.2316118e-001 -9.0666845e-001
 -3.1781776e-001 -9.2068697e-001
 -3.1296181e-001 -9.3689121e-001
 -3.0814859e-001 -9.5412780e-001
 -3.0295087e-001 -9.7113406e-001
 -2.9699822e-001 -9.8665140e-001
 -2.9000888e-001 -9.9953904e-001
 -2.8181164e-001 -1.0088777e+000
 -2.7235590e-001 -1.0140542e+000
 -2.6170959e-001 -1.0148179e+000
 -2.5004571e-001 -1.0113063e+000
 -2.3761929e-001 -1.0040334e+000
 -2.2473766e-001 -9.9384620e-001
 -2.1172719e-001 -9.8184927e-001
 -1.9890010e-001 -9.6930631e-001
 -1.8652462e-001 -9.5752683e-001
 -1.7480143e-001 -9.4774816e-001
 -1.6384839e-001 -9.4102351e-001
 -1.5369473e-001 -9.3812626e-001
 -1.4428489e-001 -9.3947920e-001
 -1.3549091e-001 -9.4511522e-001
 -1.2713181e-001 -9.5467310e-001
 -1.1899739e-001 -9.6742893e-001
 -1.1087370e-001 -9.8236033e-001
 -1.0256723e-001 -9.9823784e-001
 -9.3925361e-002 -1.0137353e+000
 -8.4850783e-002 -1.0275489e+000
 -7.5308643e-002 -1.0385152e+000
 -6.5325900e-002 -1.0457154e+000
 -5.4983269e-002 -1.0485594e+000
 -4.4401014e-002 -1.0468385e+000
 -3.3720471e-002 -1.0407453e+000
 -2.3083678e-002 -1.0308563e+000
 -1.2613624e-002 -1.0180804e+000
 -2.3975316e-003 -1.0035775e+000
  7.5248086e-003 -9.8865378e-001
  1.7166253e-002 -9.7464423e-001
  2.6590446e-002 -9.6279270e-001
  3.5903102e-002 -9.5413981e-001
  4.5237491e-002 -9.4942945e-001
  5.4735848e-002 -9.4904201e-001
  6.4528988e-002 -9.5296051e-001
  7.4716612e-002 -9.6077250e-001
  8.5350789e-002 -9.7170769e-001
  9.6424763e-002 -9.8470774e-001
  1.0786866e-001 -9.9852193e-001
  1.1955292e-001 -1.0118200e+000
  1.3129937e-001 -1.0233119e+000
  1.4289899e-001 -1.0318638e+000
  1.5413464e-001 -1.0365996e+000
  1.6480625e-001 -1.0369791e+000
  1.7475583e-001 -1.0328453e+000
  1.8388920e-001 -1.0244381e+000
  1.9219208e-001 -1.0123705e+000
  1.9973814e-001 -9.9757300e-001
  2.0668787e-001 -9.8120862e-001
  2.1327771e-001 -9.6456734e-001
  2.1980033e-001 -9.4894984e-001
  2.2657738e-001 -9.3555061e-001
  2.3392758e-001 -9.2535109e-001
  2.4213300e-001 -9.1903249e-001
  2.5140728e-001 -9.1691613e-001
  2.6186891e-001 -9.1893638e-001
  2.7352301e-001 -9.2464866e-001
  2.8625357e-001 -9.3327144e-001
  2.9982771e-001 -9.4375842e-001
  3.1391204e-001 -9.5489408e-001
  3.2810003e-001 -9.6540390e-001
  3.4194819e-001 -9.7406920e-001
  3.5501776e-001 -9.7983629e-001
  3.6691799e-001 -9.8190992e-001
  3.7734681e-001 -9.7982298e-001
  3.8612465e-001 -9.7347602e-001
  3.9321782e-001 -9.6314356e-001
  3.9874858e-001 -9.4944652e-001
  4.0299057e-001 -9.3329386e-001
  4.0634916e-001 -9.1579859e-001
  4.0932831e-001 -8.9817626e-001
  4.1248643e-001 -8.8163495e-001
  4.1638529e-001 -8.6726695e-001
  4.2153647e-001 -8.5595181e-001
  4.2835066e-001 -8.4827938e-001
  4.3709457e-001 -8.4449968e-001
  4.4786013e-001 -8.4450382e-001
  4.6054914e-001 -8.4783740e-001
  4.7487547e-001 -8.5374487e-001
  4.9038522e-001 -8.6124057e-001
  5.0649343e-001 -8.6919971e-001
  5.2253447e-001 -8.7646087e-001
  5.3782166e-001 -8.8193073e-001
  5.5171079e-001 -8.8468145e-001
  5.6366167e-001 -8.8403202e-001
  5.7329175e-001 -8.7960650e-001
  5.8041662e-001 -8.7136403e-001
  5.8507305e-001 -8.5959832e-001
  5.8752203e-001 -8.4490707e-001
  5.8823094e-001 -8.2813436e-001
  5.8783586e-001 -8.1029162e-001
  5.8708719e-001 -7.9246461e-001
  5.8678311e-001 -7.7571499e-001
  5.8769685e-001 -7.6098537e-001
  5.9050443e-001 -7.4901651e-001
  5.9571957e-001 -7.4028385e-001
  6.0364210e-001 -7.3495890e-001
  6.1432496e-001 -7.3289862e-001
  6.2756326e-001 -7.3366327e-001
  6.4290706e-001 -7.3656073e-001
  6.5969701e-001 -7.4071290e-001
  6.7712024e-001 -7.4513767e-001
  6.9428167e-001 -7.4883905e-001
  7.1028439e-001 -7.5089690e-001
  7.2431199e-001 -7.5054831e-001
  7.3570513e-001 -7.4725337e-001
  7.4402521e-001 -7.4073964e-001
  7.4909903e-001 -7.3102163e-001
  7.5103978e-001 -7.1839409e-001
  7.5024224e-001 -7.0340007e-001
  7.4735185e-001 -6.8677719e-001
  7.4321031e-001 -6.6938745e-001
  7.3878203e-001 -6.5213716e-001
  7.3506816e-001 -6.3589458e-001
  7.3301559e-001 -6.2141262e-001
  7.3342946e-001 -6.0926375e-001
  7.3689720e-001 -5.9979253e-001
  7.4373122e-001 -5.9308990e-001
  7.5393589e-001 -5.8899094e-001
  7.6720215e-001 -5.8709588e-001
  7.8293083e-001 -5.8681188e-001
  8.0028269e-001 -5.8741129e-001
  8.1825132e-001 -5.8810073e-001
  8.3575228e-001 -5.8809443e-001
  8.5172066e-001 -5.8668495e-001
  8.6520826e-001 -5.8330508e-001
  8.7547143e-001 -5.7757527e-001
  8.8204139e-001 -5.6933277e-001
  8.8477046e-001 -5.5864033e-001
  8.8384959e-001 -5.4577400e-001
  8.7979518e-001 -5.3119197e-001
  8.7340618e-001 -5.1548769e-001
  8.6569484e-001 -4.9933201e-001
  8.5779727e-001 -4.8341005e-001
  8.5087170e-001 -4.6835864e-001
  8.4599351e-001 -4.5471023e-001
  8.4405675e-001 -4.4284807e-001
  8.4569098e-001 -4.3297654e-001
  8.5120140e-001 -4.2510893e-001
  8.6053779e-001 -4.1907305e-001
  8.7329547e-001 -4.1453385e-001
  8.8874847e-001 -4.1103013e-001
  9.0591222e-001 -4.0802155e-001
  9.2363035e-001 -4.0494124e-001
  9.4067777e-001 -4.0124891e-001
  9.5587102e-001 -3.9647936e-001
  9.6817571e-001 -3.9028218e-001
  9.7680137e-001 -3.8244919e-001
  9.8127491e-001 -3.7292747e-001
  9.8148590e-001 -3.6181736e-001
  9.7769929e-001 -3.4935622e-001
  9.7053420e-001 -3.3589003e-001
  9.6091043e-001 -3.2183606e-001
  9.4996736e-001 -3.0764052e-001
  9.3896242e-001 -2.9373543e-001
  9.2915815e-001 -2.8049896e-001
  9.2170814e-001 -2.6822278e-001
  9.1755208e-001 -2.5708934e-001
  9.1732961e-001 -2.4716086e-001
  9.2132083e-001 -2.3838042e-001
  9.2941901e-001 -2.3058459e-001
  9.4113819e-001 -2.2352579e-001
  9.5565513e-001 -2.1690161e-001
  9.7188200e-001 -2.1038790e-001
  9.8856329e-001 -2.0367210e-001
  1.0043884e+000 -1.9648347e-001
  1.0181096e+000 -1.8861725e-001
  1.0286549e+000 -1.7995061e-001
  1.0352252e+000 -1.7044923e-001
  1.0373677e+000 -1.6016425e-001
  1.0350175e+000 -1.4922047e-001
  1.0285047e+000 -1.3779745e-001
  1.0185262e+000 -1.2610598e-001
  1.0060833e+000 -1.1436262e-001
  9.9239250e-001 -1.0276530e-001
  9.7877651e-001 -9.1472511e-002
  9.6654499e-001 -8.0588312e-002
  9.5687662e-001 -7.0154605e-002
  9.5071271e-001 -6.0151145e-002
  9.4867200e-001 -5.0503040e-002
  9.5099448e-001 -4.1094539e-002
  9.5751935e-001 -3.1787243e-002
  9.6769910e-001 -2.2440422e-002
  9.8064854e-001 -1.2930902e-002
  9.9522426e-001 -3.1701057e-003
