  8.4147098e-001  1.0000000e+000
  9.0929743e-001  2.0000000e+000
  1.4112001e-001  3.0000000e+000
 -7.5680250e-001  4.0000000e+000
 -9.5892427e-001  5.0000000e+000
 -2.7941550e-001  6.0000000e+000
  6.5698660e-001  7.0000000e+000
  9.8935825e-001  8.0000000e+000
  4.1211849e-001  9.0000000e+000
 -5.4402111e-001  1.0000000e+001
 -9.9999021e-001  1.1000000e+001
 -5.3657292e-001  1.2000000e+001
  4.2016704e-001  1.3000000e+001
  9.9060736e-001  1.4000000e+001
  6.5028784e-001  1.5000000e+001
 -2.8790332e-001  1.6000000e+001
 -9.6139749e-001  1.7000000e+001
 -7.5098725e-001  1.8000000e+001
  1.4987721e-001  1.9000000e+001
  9.1294525e-001  2.0000000e+001
  8.3665564e-001  2.1000000e+001
 -8.8513093e-003  2.2000000e+001
 -8.4622040e-001  2.3000000e+001
 -9.0557836e-001  2.4000000e+001
 -1.3235175e-001  2.5000000e+001
  7.6255845e-001  2.6000000e+001
  9.5637593e-001  2.7000000e+001
  2.7090579e-001  2.8000000e+001
 -6.6363388e-001  2.9000000e+001
 -9.8803162e-001  3.0000000e+001
 -4.0403765e-001  3.1000000e+001
  5.5142668e-001  3.2000000e+001
  9.9991186e-001  3.3000000e+001
  5.2908269e-001  3.4000000e+001
 -4.2818267e-001  3.5000000e+001
 -9.9177885e-001  3.6000000e+001
 -6.4353813e-001  3.7000000e+001
  2.9636858e-001  3.8000000e+001
  9.6379539e-001  3.9000000e+001
  7.4511316e-001  4.0000000e+001
 -1.5862267e-001  4.1000000e+001
 -9.1652155e-001  4.2000000e+001
 -8.3177474e-001  4.3000000e+001
  1.7701925e-002  4.4000000e+001
  8.5090352e-001  4.5000000e+001
  9.0178835e-001  4.6000000e+001
  1.2357312e-001  4.7000000e+001
 -7.6825466e-001  4.8000000e+001
 -9.5375265e-001  4.9000000e+001
 -2.6237485e-001  5.0000000e+001
  6.7022918e-001  5.1000000e+001
  9.8662759e-001  5.2000000e+001
  3.9592515e-001  5.3000000e+001
 -5.5878905e-001  5.4000000e+001
 -9.9975517e-001  5.5000000e+001
 -5.2155100e-001  5.6000000e+001
  4.3616476e-001  5.7000000e+001
  9.9287265e-001  5.8000000e+001
  6.3673801e-001  5.9000000e+001
 -3.0481062e-001  6.0000000e+001
 -9.6611777e-001  6.1000000e+001
 -7.3918070e-001  6.2000000e+001
  1.6735570e-001  6.3000000e+001
  9.2002604e-001  6.4000000e+001
  8.2682868e-001  6.5000000e+001
 -2.6551154e-002  6.6000000e+001
 -8.5551998e-001  6.7000000e+001
 -8.9792768e-001  6.8000000e+001
 -1.1478481e-001  6.9000000e+001
  7.7389068e-001  7.0000000e+001
  9.5105465e-001  7.1000000e+001
  2.5382336e-001  7.2000000e+001
 -6.7677196e-001  7.3000000e+001
 -9.8514626e-001  7.4000000e+001
 -3.8778164e-001  7.5000000e+001
  5.6610764e-001  7.6000000e+001
  9.9952016e-001  7.7000000e+001
  5.1397846e-001  7.8000000e+001
 -4.4411267e-001  7.9000000e+001
 -9.9388865e-001  8.0000000e+001
 -6.2988799e-001  8.1000000e+001
  3.1322878e-001  8.2000000e+001
  9.6836446e-001  8.3000000e+001
  7.3319032e-001  8.4000000e+001
 -1.7607562e-001  8.5000000e+001
 -9.2345845e-001  8.6000000e+001
 -8.2181784e-001  8.7000000e+001
  3.5398303e-002  8.8000000e+001
  8.6006941e-001  8.9000000e+001
  8.9399666e-001  9.0000000e+001
  1.0598751e-001  9.1000000e+001
 -7.7946607e-001  9.2000000e+001
 -9.4828214e-001  9.3000000e+001
 -2.4525199e-001  9.4000000e+001
  6.8326171e-001  9.5000000e+001
  9.8358775e-001  9.6000000e+001
  3.7960774e-001  9.7000000e+001
 -5.7338187e-001  9.8000000e+001
 -9.9920683e-001  9.9000000e+001
 -5.0636564e-001  1.0000000e+002
 -5.0636564e-001  1.0051500e+002
  4.9363436e-001  1.0147383e+002
  1.4936344e+000  1.0199702e+002
  2.4936344e+000  1.0160356e+002
  3.4936344e+000  1.0065518e+002
  4.4936344e+000  1.0002383e+002
  5.4936344e+000  1.0028996e+002
  6.4936344e+000  1.0120890e+002
  7.4936344e+000  1.0193577e+002
  8.4936344e+000  1.0180230e+002
  9.4936344e+000  1.0093120e+002
  1.0493634e+001  1.0012335e+002
  1.1493634e+001  1.0012149e+002
  1.2493634e+001  1.0092733e+002
  1.3493634e+001  1.0179998e+002
  1.4493634e+001  1.0193714e+002
  1.5493634e+001  1.0121269e+002
  1.6493634e+001  1.0029270e+002
  1.7493634e+001  1.0002300e+002
  1.8493634e+001  1.0065155e+002
  1.9493634e+001  1.0160046e+002
  2.0493634e+001  1.0199732e+002
  2.1493634e+001  1.0147724e+002
  2.2493634e+001  1.0051839e+002
  2.3493634e+001  1.0000233e+002
  2.4493634e+001  1.0040352e+002
  2.5493634e+001  1.0135311e+002
  2.6493634e+001  1.0197805e+002
  2.7493634e+001  1.0170378e+002
  2.8493634e+001  1.0078245e+002
  2.9493634e+001  1.0006114e+002
  3.0493634e+001  1.0020301e+002
  3.1493634e+001  1.0107763e+002
  3.2493634e+001  1.0188088e+002
  3.3493634e+001  1.0187425e+002
  3.4493634e+001  1.0106384e+002
  3.5493634e+001  1.0019474e+002
  3.6493634e+001  1.0006599e+002
  3.7493634e+001  1.0079597e+002
  3.8493634e+001  1.0171353e+002
  3.9493634e+001  1.0197508e+002
  4.0493634e+001  1.0134014e+002
  4.1493634e+001  1.0039248e+002
  4.2493634e+001  1.0000337e+002
  4.3493634e+001  1.0053055e+002
  4.4493634e+001  1.0148934e+002
  4.5493634e+001  1.0199823e+002
  4.6493634e+001  1.0158935e+002
  4.7493634e+001  1.0063862e+002
  4.8493634e+001  1.0002014e+002
  4.9493634e+001  1.0030254e+002
  5.0493634e+001  1.0122618e+002
  5.1493634e+001  1.0194187e+002
  5.2493634e+001  1.0179161e+002
  5.3493634e+001  1.0091355e+002
  5.4493634e+001  1.0011497e+002
  5.5493634e+001  1.0013008e+002
  5.6493634e+001  1.0094499e+002
  5.7493634e+001  1.0181048e+002
  5.8493634e+001  1.0193081e+002
  5.9493634e+001  1.0119536e+002
  6.0493634e+001  1.0028030e+002
  6.1493634e+001  1.0002692e+002
  6.2493634e+001  1.0066819e+002
  6.3493634e+001  1.0161452e+002
  6.4493634e+001  1.0199586e+002
  6.5493634e+001  1.0146161e+002
  6.6493634e+001  1.0050296e+002
  6.7493634e+001  1.0000128e+002
  6.8493634e+001  1.0041782e+002
  6.9493634e+001  1.0136962e+002
  6.9493634e+001  1.0941782e+002
  6.7493634e+001  1.0900128e+002
  6.6493634e+001  1.0950296e+002
  6.5493634e+001  1.1046161e+002
  6.4493634e+001  1.1099586e+002
  6.3493634e+001  1.1061452e+002
  6.2493634e+001  1.0966819e+002
  6.1493634e+001  1.0902692e+002
  6.0493634e+001  1.0928030e+002
  5.9493634e+001  1.1019536e+002
  5.8493634e+001  1.1093081e+002
  5.7493634e+001  1.1081048e+002
  5.6493634e+001  1.0994499e+002
  5.5493634e+001  1.0913008e+002
  5.4493634e+001  1.0911497e+002
  5.3493634e+001  1.0991355e+002
  5.2493634e+001  1.1079161e+002
  5.1493634e+001  1.1094187e+002
  5.0493634e+001  1.1022618e+002
  4.9493634e+001  1.0930254e+002
  4.8493634e+001  1.0902014e+002
  4.7493634e+001  1.0963862e+002
  4.6493634e+001  1.1058935e+002
  4.5493634e+001  1.1099823e+002
  4.4493634e+001  1.1048934e+002
  4.3493634e+001  1.0953055e+002
  4.2493634e+001  1.0900337e+002
  4.1493634e+001  1.0939248e+002
  4.0493634e+001  1.1034014e+002
  3.9493634e+001  1.1097508e+002
  3.8493634e+001  1.1071353e+002
  3.7493634e+001  1.0979597e+002
  3.6493634e+001  1.0906599e+002
  3.5493634e+001  1.0919474e+002
  3.4493634e+001  1.1006384e+002
  3.3493634e+001  1.1087425e+002
  3.2493634e+001  1.1088088e+002
  3.1493634e+001  1.1007763e+002
  3.0493634e+001  1.0920301e+002
  2.9493634e+001  1.0906114e+002
  2.8493634e+001  1.0978245e+002
  2.7493634e+001  1.1070378e+002
  2.6493634e+001  1.1097805e+002
  2.5493634e+001  1.1035311e+002
  2.4493634e+001  1.0940352e+002
  2.3493634e+001  1.0900233e+002
  2.2493634e+001  1.0951839e+002
  2.1493634e+001  1.1047724e+002
  2.0493634e+001  1.1099732e+002
  1.9493634e+001  1.1060046e+002
  1.8493634e+001  1.0965155e+002
  1.7493634e+001  1.0902300e+002
  1.6493634e+001  1.0929270e+002
  1.5493634e+001  1.1021269e+002
  1.4493634e+001  1.1093714e+002
  1.3493634e+001  1.1079998e+002
  1.2493634e+001  1.0992733e+002
  1.1493634e+001  1.0912149e+002
  1.0493634e+001  1.0912335e+002
  9.4936344e+000  1.0993120e+002
  8.4936344e+000  1.1080230e+002
  7.4936344e+000  1.1093577e+002
  6.4936344e+000  1.1020890e+002
  5.4936344e+000  1.0928996e+002
  4.4936344e+000  1.0902383e+002
  3.4936344e+000  1.0965518e+002
  2.4936344e+000  1.1060356e+002
  1.4936344e+000  1.1099702e+002
  4.9363436e-001  1.1047383e+002
 -5.0636564e-001  1.0951500e+002
 -1.5063656e+000  1.0900207e+002
 -2.5063656e+000  1.0940664e+002
 -3.5063656e+000  1.1035674e+002
 -4.5063656e+000  1.1097885e+002
 -5.5063656e+000  1.1070101e+002
 -6.5063656e+000  1.0977867e+002
 -7.5063656e+000  1.0905981e+002
 -8.5063656e+000  1.0920536e+002
 -9.5063656e+000  1.1008150e+002
 -1.0506366e+001  1.1088271e+002
 -1.1506366e+001  1.1087236e+002
 -1.2506366e+001  1.1005997e+002
 -1.3506366e+001  1.0919244e+002
 -1.4506366e+001  1.0906738e+002
 -1.5506366e+001  1.0979977e+002
 -1.6506366e+001  1.1071624e+002
 -1.7506366e+001  1.1097421e+002
 -1.8506366e+001  1.1033649e+002
 -1.9506366e+001  1.0938941e+002
 -2.0506366e+001  1.0900370e+002
 -2.1506366e+001  1.0953398e+002
 -2.2506366e+001  1.1049272e+002
 -2.3506366e+001  1.1099846e+002
 -2.4506366e+001  1.1058621e+002
 -2.5506366e+001  1.0963501e+002
 -2.6506366e+001  1.0901938e+002
 -2.7506366e+001  1.0930532e+002
 -2.8506366e+001  1.1022996e+002
 -2.9506366e+001  1.1094317e+002
 -3.0506366e+001  1.1078923e+002
 -3.1506366e+001  1.0990968e+002
 -3.2506366e+001  1.0911317e+002
 -3.3506366e+001  1.0913200e+002
 -3.4506366e+001  1.0994887e+002
 -3.5506366e+001  1.1081274e+002
 -3.6506366e+001  1.1092939e+002
 -3.7506366e+001  1.1019155e+002
 -3.8506366e+001  1.0927761e+002
 -3.9506366e+001  1.0902783e+002
 -4.0506366e+001  1.0967186e+002
 -4.1506366e+001  1.1061758e+002
 -4.2506366e+001  1.1099550e+002
 -4.3506366e+001  1.1045817e+002
 -4.4506366e+001  1.0949959e+002
 -4.5506366e+001  1.0900109e+002
 -4.6506366e+001  1.0942098e+002
 -4.7506366e+001  1.1037322e+002
 -4.8506366e+001  1.1098232e+002
 -4.9506366e+001  1.1068828e+002
 -5.0506366e+001  1.0976144e+002
 -5.1506366e+001  1.0905393e+002
 -5.2506366e+001  1.0921623e+002
 -5.3506366e+001  1.1009913e+002
 -5.4506366e+001  1.1089089e+002
 -5.5506366e+001  1.1086357e+002
 -5.6506366e+001  1.1004229e+002
 -5.7506366e+001  1.0918213e+002
 -5.8506366e+001  1.0907392e+002
 -5.9506366e+001  1.0981714e+002
 -6.0506366e+001  1.1072848e+002
 -6.1506366e+001  1.1097006e+002
 -6.2506366e+001  1.1031977e+002
 -6.3506366e+001  1.0937548e+002
 -6.4506366e+001  1.0900537e+002
 -6.5506366e+001  1.0954972e+002
 -6.6506366e+001  1.1050805e+002
 -6.7506366e+001  1.1099928e+002
 -6.8506366e+001  1.1057178e+002
 -6.9506366e+001  1.0961858e+002
 -7.0506366e+001  1.0901606e+002
 -7.1506366e+001  1.0931817e+002
 -7.2506366e+001  1.1024715e+002
 -7.3506366e+001  1.1094890e+002
 -7.4506366e+001  1.1077824e+002
 -7.5506366e+001  1.0989207e+002
 -7.6506366e+001  1.0910513e+002
 -7.7506366e+001  1.0914093e+002
 -7.7506366e+001  9.9140930e+001
 -7.6506366e+001  9.9105129e+001
 -7.5506366e+001  9.9892069e+001
 -7.4506366e+001  1.0077824e+002
 -7.3506366e+001  1.0094890e+002
 -7.2506366e+001  1.0024715e+002
 -7.1506366e+001  9.9318167e+001
 -7.0506366e+001  9.9016061e+001
 -6.9506366e+001  9.9618584e+001
 -6.8506366e+001  1.0057178e+002
 -6.7506366e+001  1.0099928e+002
 -6.6506366e+001  1.0050805e+002
 -6.5506366e+001  9.9549719e+001
 -6.4506366e+001  9.9005374e+001
 -6.3506366e+001  9.9375483e+001
 -6.2506366e+001  1.0031977e+002
 -6.1506366e+001  1.0097006e+002
 -6.0506366e+001  1.0072848e+002
 -5.9506366e+001  9.9817140e+001
 -5.8506366e+001  9.9073917e+001
 -5.7506366e+001  9.9182131e+001
 -5.6506366e+001  1.0004229e+002
 -5.5506366e+001  1.0086357e+002
 -5.4506366e+001  1.0089089e+002
 -5.3506366e+001  1.0009913e+002
 -5.2506366e+001  9.9216232e+001
 -5.1506366e+001  9.9053930e+001
 -5.0506366e+001  9.9761440e+001
 -4.9506366e+001  1.0068828e+002
 -4.8506366e+001  1.0098232e+002
 -4.7506366e+001  1.0037322e+002
 -4.6506366e+001  9.9420982e+001
 -4.5506366e+001  9.9001092e+001
 -4.4506366e+001  9.9499593e+001
 -4.3506366e+001  1.0045817e+002
 -4.2506366e+001  1.0099550e+002
 -4.1506366e+001  1.0061758e+002
 -4.0506366e+001  9.9671855e+001
 -3.9506366e+001  9.9027826e+001
 -3.8506366e+001  9.9277609e+001
 -3.7506366e+001  1.0019155e+002
 -3.6506366e+001  1.0092939e+002
 -3.5506366e+001  1.0081274e+002
 -3.4506366e+001  9.9948869e+001
 -3.3506366e+001  9.9132003e+001
 -3.2506366e+001  9.9113170e+001
 -3.1506366e+001  9.9909684e+001
 -3.0506366e+001  1.0078923e+002
 -2.9506366e+001  1.0094317e+002
 -2.8506366e+001  1.0022996e+002
 -2.7506366e+001  9.9305325e+001
 -2.6506366e+001  9.9019375e+001
 -2.5506366e+001  9.9635008e+001
 -2.4506366e+001  1.0058621e+002
 -2.3506366e+001  1.0099846e+002
 -2.2506366e+001  1.0049272e+002
 -2.1506366e+001  9.9533984e+001
 -2.0506366e+001  9.9003697e+001
 -1.9506366e+001  9.9389407e+001
 -1.8506366e+001  1.0033649e+002
 -1.7506366e+001  1.0097421e+002
 -1.6506366e+001  1.0071624e+002
 -1.5506366e+001  9.9799765e+001
 -1.4506366e+001  9.9067383e+001
 -1.3506366e+001  9.9192445e+001
 -1.2506366e+001  1.0005997e+002
 -1.1506366e+001  1.0087236e+002
 -1.0506366e+001  1.0088271e+002
 -9.6554681e+000  1.0088271e+002
 -1.0603800e+001  9.9882705e+001
 -1.0997001e+001  9.8882705e+001
 -1.0473564e+001  9.7882705e+001
 -9.5147341e+000  9.6882705e+001
 -9.0020556e+000  9.5882705e+001
 -9.4068825e+000  9.4882705e+001
 -1.0357019e+001  9.3882705e+001
 -1.0978914e+001  9.2882705e+001
 -1.0700800e+001  9.1882705e+001
 -9.7783737e+000  9.0882705e+001
 -9.0597098e+000  8.9882705e+001
 -9.2055444e+000  8.8882705e+001
 -1.0081798e+001  8.7882705e+001
 -1.0882847e+001  8.6882705e+001
 -1.0872210e+001  8.5882705e+001
 -1.0059668e+001  8.4882705e+001
 -9.1922670e+000  8.3882705e+001
 -9.0674921e+000  8.2882705e+001
 -9.8000607e+000  8.1882705e+001
 -1.0716453e+001  8.0882705e+001
 -1.0974141e+001  7.9882705e+001
 -1.0336209e+001  7.8882705e+001
 -9.3891677e+000  7.7882705e+001
 -9.0037228e+000  7.6882705e+001
 -9.5342506e+000  7.5882705e+001
 -1.0492986e+001  7.4882705e+001
 -1.0998473e+001  7.3882705e+001
 -1.0585968e+001  7.2882705e+001
 -9.6347270e+000  7.1882705e+001
 -9.0193164e+000  7.0882705e+001
 -9.3055418e+000  6.9882705e+001
 -1.0230249e+001  6.8882705e+001
 -1.0943266e+001  6.7882705e+001
 -1.0789049e+001  6.6882705e+001
 -9.9093838e+000  6.5882705e+001
 -9.1130308e+000  6.4882705e+001
 -9.1321532e+000  6.3882705e+001
 -9.9491700e+000  6.2882705e+001
 -1.0812920e+001  6.1882705e+001
 -1.0929275e+001  6.0882705e+001
 -1.0191259e+001  5.9882705e+001
 -9.2774005e+000  5.8882705e+001
 -9.0278968e+000  5.7882705e+001
 -9.6721402e+000  5.6882705e+001
 -1.0617816e+001  5.5882705e+001
 -1.0995475e+001  5.4882705e+001
 -1.0457899e+001  5.3882705e+001
 -9.4993322e+000  5.2882705e+001
 -9.0010775e+000  5.1882705e+001
 -9.4212276e+000  5.0882705e+001
 -1.0373498e+001  4.9882705e+001
 -1.0982376e+001  4.8882705e+001
 -1.0688062e+001  4.7882705e+001
 -9.7611467e+000  4.6882705e+001
 -9.0538318e+000  4.5882705e+001
 -9.2164196e+000  4.4882705e+001
 -1.0099428e+001  4.3882705e+001
 -1.0891022e+001  4.2882705e+001
 -1.0863415e+001  4.1882705e+001
 -1.0041988e+001  4.0882705e+001
 -9.1819574e+000  3.9882705e+001
 -9.0740312e+000  3.8882705e+001
 -9.8174365e+000  3.7882705e+001
 -1.0728690e+001  3.6882705e+001
 -1.0969989e+001  3.5882705e+001
 -1.0319485e+001  3.4882705e+001
 -9.3752478e+000  3.3882705e+001
 -9.0054050e+000  3.2882705e+001
 -9.5499883e+000  3.1882705e+001
 -1.0508310e+001  3.0882705e+001
 -1.0999294e+001  2.9882705e+001
 -1.0571532e+001  2.8882705e+001
 -9.6183055e+000  2.7882705e+001
 -9.0160076e+000  2.6882705e+001
 -9.3183877e+000  2.5882705e+001
 -1.0247439e+001  2.4882705e+001
 -1.0948996e+001  2.3882705e+001
 -1.0778050e+001  2.2882705e+001
 -9.8917689e+000  2.1882705e+001
 -9.1049945e+000  2.0882705e+001
 -9.1410841e+000  1.9882705e+001
 -9.9668570e+000  1.8882705e+001
 -1.0823101e+001  1.7882705e+001
 -1.0922590e+001  1.6882705e+001
 -1.0173854e+001  1.5882705e+001
 -9.2652770e+000  1.4882705e+001
 -9.0322011e+000  1.3882705e+001
 -9.6889151e+000  1.2882705e+001
 -1.0631639e+001  1.1882705e+001
 -1.0993637e+001  1.0882705e+001
 -1.0442090e+001  9.8827050e+000
 -9.4840871e+000  8.8827050e+000
 -9.0004125e+000  7.8827050e+000
 -9.4357540e+000  6.8827050e+000
 -1.0389861e+001  5.8827050e+000
 -1.0985531e+001  4.8827050e+000
 -1.0675109e+001  3.8827050e+000
 -9.7439946e+000  2.8827050e+000
 -9.0482504e+000  1.8827050e+000
 -9.2275404e+000  8.8270501e-001
