  6.2532155e-003  9.8346007e-001
  9.2830461e-003  9.8486361e-001
  5.9273303e-002  9.7325466e-001
  1.0744588e-001  9.6043249e-001
  1.5038232e-001  9.4619380e-001
  1.8360016e-001  9.3559047e-001
  2.0573025e-001  9.2699622e-001
  2.2056366e-001  9.2749363e-001
  2.2633137e-001  9.4283741e-001
  2.3328852e-001  9.5517300e-001
  2.4299435e-001  9.6234857e-001
  2.5328410e-001  9.6649215e-001
  2.6883334e-001  9.6891645e-001
  2.7286879e-001  9.6649215e-001
  2.5782993e-001  9.5699176e-001
  2.4763750e-001  9.4809691e-001
  2.4358908e-001  9.3718865e-001
  2.4863014e-001  9.3537205e-001
  2.6620359e-001  9.4859215e-001
  2.8680471e-001  9.5759729e-001
  3.1074059e-001  9.6052981e-001
  3.3346323e-001  9.5801036e-001
  3.6144537e-001  9.4679933e-001
  3.6882640e-001  9.3922584e-001
  3.4387192e-001  9.3972108e-001
  3.2558481e-001  9.3718865e-001
  3.1569731e-001  9.2760392e-001
  3.1853251e-001  9.2347115e-001
  3.3833562e-001  9.2831758e-001
  3.5932384e-001  9.3013635e-001
  3.8054347e-001  9.2749363e-001
  4.0052824e-001  9.2002826e-001
  4.2356663e-001  9.0346259e-001
  4.3143208e-001  8.9416765e-001
  4.1629590e-001  8.9730561e-001
  4.0052824e-001  9.0044357e-001
  3.8569483e-001  9.0347341e-001
  3.7326193e-001  9.0286787e-001
  3.5892376e-001  8.9658979e-001
  3.6155351e-001  8.9094319e-001
  3.9053045e-001  8.8690774e-001
  4.1768863e-001  8.8044799e-001
  4.4184293e-001  8.7105573e-001
  4.5809286e-001  8.5742258e-001
  4.6637137e-001  8.3368133e-001
  4.6616376e-001  8.2266495e-001
  4.5577886e-001  8.3205721e-001
  4.4355140e-001  8.3963286e-001
  4.2971063e-001  8.4387376e-001
  4.1647756e-001  8.4569253e-001
  3.9901441e-001  8.4569253e-001
  3.9791147e-001  8.4084393e-001
  4.2165271e-001  8.2913767e-001
  4.4415694e-001  8.1743141e-001
  4.6375244e-001  8.0671779e-001
  4.7850150e-001  7.9539864e-001
  4.9001529e-001  7.8014135e-001
  4.9001529e-001  7.7399735e-001
  4.7315767e-001  7.8197093e-001
  4.5748733e-001  7.8873344e-001
  4.4466515e-001  7.9388264e-001
  4.3245067e-001  7.9600417e-001
  4.1608829e-001  7.9520400e-001
  4.1245293e-001  7.9198170e-001
  4.2779672e-001  7.8581174e-001
  4.4556264e-001  7.7661412e-001
  4.6729048e-001  7.6287067e-001
  4.8354257e-001  7.4854764e-001
  4.9515368e-001  7.2966580e-001
  4.9464330e-001  7.2350882e-001
  4.7607721e-001  7.3722849e-001
  4.5991162e-001  7.4672888e-001
  4.4598651e-001  7.4966139e-001
  4.4233817e-001  7.4714194e-001
  4.5295447e-001  7.3683921e-001
  4.6597128e-001  7.2532759e-001
  4.8102096e-001  7.1400844e-001
  4.9365066e-001  6.9965945e-001
  5.0618088e-001  6.7591821e-001
  5.0717568e-001  6.6734991e-001
  4.9071814e-001  6.8248609e-001
  4.7607721e-001  6.9401285e-001
  4.6467371e-001  6.9906473e-001
  4.5748733e-001  6.9987788e-001
  4.5334375e-001  6.9563482e-001
  4.5828749e-001  6.8715302e-001
  4.7737478e-001  6.7330144e-001
  4.9282670e-001  6.5886812e-001
  5.0395121e-001  6.4150011e-001
  5.0717568e-001  6.3019394e-001
  4.9697028e-001  6.2947811e-001
  4.9343223e-001  6.2694568e-001
  5.0130849e-001  6.2028049e-001
  5.0676262e-001  6.1240423e-001
  5.0940534e-001  6.0069580e-001
  5.0656798e-001  5.9626027e-001
  4.9556457e-001  6.0179874e-001
  4.8577223e-001  6.0857423e-001
  4.8012563e-001  6.1654781e-001
  4.7021218e-001  6.2512908e-001
  4.5213052e-001  6.3705377e-001
  4.3889744e-001  6.4291879e-001
  4.3082655e-001  6.4220297e-001
  4.3123744e-001  6.3542964e-001
  4.4173264e-001  6.2149372e-001
  4.5768196e-001  6.0452580e-001
  4.7960444e-001  5.8169502e-001
  5.0395121e-001  5.6373446e-001
  5.3163059e-001  5.5303382e-001
  5.5746741e-001  5.4414978e-001
  5.7877354e-001  5.3676876e-001
  6.0431841e-001  5.3060096e-001
  6.3634897e-001  5.2757113e-001
  6.6896128e-001  5.1969487e-001
  7.0582746e-001  4.9807516e-001
  7.3057432e-001  4.9526159e-001
  7.3674211e-001  5.2202185e-001
  7.4591595e-001  5.4696118e-001
  7.6116242e-001  5.6745417e-001
  7.7761995e-001  5.8373005e-001
  7.9348277e-001  5.9553363e-001
  8.1722401e-001  6.0251456e-001
  8.5226062e-001  6.0674465e-001
  8.8790060e-001  5.9948473e-001
  9.2599082e-001  5.7716217e-001
  9.5557330e-001  5.5059655e-001
  9.7395773e-001  5.2162177e-001
  9.8749357e-001  4.8658516e-001
  9.9798876e-001  4.4395127e-001
  1.0000000e+000  3.9891687e-001
  9.8931233e-001  3.4841754e-001
  9.8102301e-001  3.0640216e-001
  9.7698756e-001  2.7489278e-001
  9.7537425e-001  2.5126183e-001
  9.7840408e-001  2.3399115e-001
  9.7719301e-001  2.2884195e-001
  9.6920645e-001  2.3974805e-001
  9.6121990e-001  2.5307844e-001
  9.5295437e-001  2.6762205e-001
  9.4769487e-001  2.8337674e-001
  9.4658112e-001  3.0155356e-001
  9.4667844e-001  3.1670271e-001
  9.4951364e-001  3.3174157e-001
  9.4810793e-001  3.3287046e-001
  9.3890815e-001  3.1599986e-001
  9.3334589e-001  2.9185854e-001
  9.3375895e-001  2.5652133e-001
  9.3477755e-001  2.2905822e-001
  9.3549121e-001  2.1391123e-001
  9.3799985e-001  1.9876207e-001
  9.4597559e-001  1.7794253e-001
  9.4546521e-001  1.7047717e-001
  9.3092376e-001  1.8148058e-001
  9.1940997e-001  1.9490828e-001
  9.1304754e-001  2.0823867e-001
  9.0910941e-001  2.2641766e-001
  9.0932783e-001  2.5652133e-001
  9.0649048e-001  2.7147584e-001
  8.9711119e-001  2.6329465e-001
  8.9255455e-001  2.5390239e-001
  8.9507617e-001  2.4451014e-001
  8.9759562e-001  2.3511788e-001
  9.0224958e-001  2.2178749e-001
  8.9841958e-001  2.2118195e-001
  8.8004812e-001  2.4016111e-001
  8.6710484e-001  2.5974363e-001
  8.6235357e-001  2.7863844e-001
  8.6184535e-001  2.9571232e-001
  8.6812344e-001  3.1378318e-001
  8.6831591e-001  3.2033808e-001
  8.5742279e-001  3.1094582e-001
  8.5074462e-001  2.9852373e-001
  8.5246607e-001  2.7883091e-001
  8.5115552e-001  2.7307402e-001
  8.4308462e-001  2.8841781e-001
  8.3741423e-001  3.0257216e-001
  8.3560845e-001  3.1225637e-001
  8.3498994e-001  3.2317544e-001
  8.3458985e-001  3.3580297e-001
  8.3782513e-001  3.5146034e-001
  8.4641722e-001  3.7206146e-001
  8.5680428e-001  3.9266474e-001
  8.7094566e-001  4.1315773e-001
  8.8205936e-001  4.3425625e-001
  8.8922196e-001  4.5637336e-001
  8.9335472e-001  4.7788494e-001
  8.9608179e-001  4.9909159e-001
  8.9093043e-001  5.2030041e-001
  8.7539416e-001  5.4544735e-001
  8.5498552e-001  5.6089711e-001
  8.2811929e-001  5.6453463e-001
  8.0306967e-001  5.5968604e-001
  7.7935221e-001  5.4555548e-001
  7.6227617e-001  5.2597079e-001
  7.5168582e-001  4.9818329e-001
  7.5076454e-001  4.7466047e-001
  7.6449501e-001  4.5919774e-001
  7.7459012e-001  4.4133450e-001
  7.7783838e-001  4.1890164e-001
  7.8045515e-001  3.9710027e-001
  7.8278213e-001  3.7739448e-001
  7.8510911e-001  3.5529034e-001
  7.8552001e-001  3.2842195e-001
  7.9196894e-001  3.0458339e-001
  8.0671584e-001  2.8447968e-001
  8.2388921e-001  2.6803295e-001
  8.4671999e-001  2.5631371e-001
  8.6043965e-001  2.4520217e-001
  8.5833109e-001  2.3842669e-001
  8.6165071e-001  2.1955783e-001
  8.7549148e-001  1.8057228e-001
  8.8690795e-001  1.4703869e-001
  8.9357315e-001  1.2291034e-001
  9.0084388e-001  1.0120629e-001
  9.1144720e-001  7.9281647e-002
  9.1599303e-001  6.4024363e-002
  9.1216303e-001  5.8267469e-002
  9.0588494e-001  5.3118271e-002
  8.9488153e-001  4.9069846e-002
  8.8811902e-001  3.8987712e-002
  8.9247021e-001  1.6252089e-002
  8.8407060e-001  2.0242123e-003
  8.5136313e-001  0.0000000e+000
  8.3014350e-001  2.8243816e-003
  8.2720883e-001  1.2822174e-002
  8.2791168e-001  2.1003365e-002
  8.3267593e-001  2.5136132e-002
  8.3801977e-001  3.0503754e-002
  8.4337658e-001  3.9387797e-002
  8.4933892e-001  4.4028779e-002
  8.5883931e-001  4.1193585e-002
  8.6225841e-001  4.3228610e-002
  8.5559105e-001  5.2718186e-002
  8.5277965e-001  6.4824533e-002
  8.5752011e-001  7.8167898e-002
  8.5963948e-001  9.6333905e-002
  8.5853654e-001  1.2097047e-001
  8.5195569e-001  1.4682027e-001
  8.3852798e-001  1.7532360e-001
  8.2267814e-001  1.9755101e-001
  8.0389362e-001  2.1158425e-001
  7.8571464e-001  2.2297477e-001
  7.6965719e-001  2.3115596e-001
  7.5117544e-001  2.4016111e-001
  7.2773696e-001  2.5166192e-001
  7.0793601e-001  2.6197329e-001
  6.9400009e-001  2.6964627e-001
  6.8006201e-001  2.7913368e-001
  6.6339902e-001  2.9257436e-001
  6.5097693e-001  3.0298522e-001
  6.4392463e-001  3.1003752e-001
  6.3805960e-001  3.1469148e-001
  6.3068939e-001  3.1872693e-001
  6.2938101e-001  3.1488611e-001
  6.3555096e-001  2.9913143e-001
  6.4836016e-001  2.8276904e-001
  6.7230685e-001  2.6742742e-001
  6.8956456e-001  2.4845043e-001
  6.9593780e-001  2.2421178e-001
  7.0168172e-001  1.9997314e-001
  7.0764406e-001  1.7521547e-001
  7.1360640e-001  1.5169265e-001
  7.2299866e-001  1.2826715e-001
  7.2451466e-001  1.1029362e-001
  7.1258997e-001  9.8781991e-002
  7.0308742e-001  8.9692499e-002
  6.9785388e-001  8.4019947e-002
  6.9501652e-001  7.6554583e-002
  6.9684610e-001  6.3624279e-002
  6.9441099e-001  5.5540405e-002
  6.8602435e-001  5.4742398e-002
  6.7521558e-001  5.5153296e-002
  6.6108502e-001  5.7056402e-002
  6.4816553e-001  5.9588830e-002
  6.3433773e-001  6.1697384e-002
  6.2775688e-001  6.6859558e-002
  6.3049692e-001  7.6846537e-002
  6.3563531e-001  8.5644075e-002
  6.4280872e-001  9.4417824e-002
  6.4937659e-001  9.8368930e-002
  6.5543625e-001  9.4528117e-002
  6.6149591e-001  9.2503905e-002
  6.7008800e-001  9.2503905e-002
  6.7320434e-001  9.4928202e-002
  6.6776102e-001  1.0038233e-001
  6.6532591e-001  1.0704752e-001
  6.6867149e-001  1.1128842e-001
  6.7078004e-001  1.2704311e-001
  6.7219656e-001  1.6218784e-001
  6.6876664e-001  1.9248399e-001
  6.6047948e-001  2.1490387e-001
  6.4552280e-001  2.3308285e-001
  6.2059428e-001  2.4611047e-001
  5.9806627e-001  2.5792703e-001
  5.8141410e-001  2.6751176e-001
  5.6352707e-001  2.8257657e-001
  5.4797783e-001  3.0933467e-001
  5.1849267e-001  3.2579221e-001
  4.6839342e-001  3.2295701e-001
  4.2011293e-001  3.2681080e-001
  3.7224334e-001  3.4125494e-001
  3.3588537e-001  3.5933660e-001
  3.1247285e-001  3.8225389e-001
  2.9933493e-001  4.0577670e-001
  3.0045084e-001  4.3475365e-001
  2.9974799e-001  4.4799970e-001
  2.9440416e-001  4.3900752e-001
  2.8963990e-001  4.2759105e-001
  2.8984752e-001  4.1263653e-001
  2.8096347e-001  4.0497653e-001
  2.5895665e-001  4.0658769e-001
  2.3692388e-001  4.1426066e-001
  2.1611515e-001  4.3081335e-001
  1.9591412e-001  4.4436433e-001
  1.7542113e-001  4.5374361e-001
  1.5856351e-001  4.5890579e-001
  1.4401989e-001  4.6283311e-001
  1.3856793e-001  4.5284613e-001
  1.4451729e-001  4.2203961e-001
  1.5531525e-001  3.9305185e-001
  1.7310497e-001  3.6669384e-001
  1.8723769e-001  3.4760655e-001
  1.9694353e-001  3.3832243e-001
  2.0117361e-001  3.3146476e-001
  1.9622770e-001  3.2681080e-001
  1.9613254e-001  3.2276237e-001
  2.0431157e-001  3.1882424e-001
  2.1430936e-001  3.1609718e-001
  2.2673145e-001  3.1477582e-001
  2.3733694e-001  3.1226718e-001
  2.4631614e-001  3.0903190e-001
  2.5105444e-001  3.0216126e-001
  2.5044891e-001  2.8973917e-001
  2.4984337e-001  2.7610385e-001
  2.5146750e-001  2.5833793e-001
  2.4824303e-001  2.4966150e-001
  2.3683954e-001  2.5349150e-001
  2.2601779e-001  2.5913810e-001
  2.1592268e-001  2.6470035e-001
  2.0703864e-001  2.7450567e-001
  1.9935485e-001  2.9367730e-001
  1.9348982e-001  3.0075555e-001
  1.9238689e-001  2.8479326e-001
  1.8461875e-001  2.8155798e-001
  1.6533684e-001  2.9640436e-001
  1.4966865e-001  3.2033808e-001
  1.4037371e-001  3.5901005e-001
  1.3168431e-001  3.8801078e-001
  1.2361341e-001  4.0053019e-001
  1.1675358e-001  4.1426066e-001
  1.1129945e-001  4.3152918e-001
  1.0645215e-001  4.5061647e-001
  1.0088968e-001  4.7375217e-001
  9.9568536e-002  4.9203929e-001
  1.0381030e-001  5.0465385e-001
  1.1229426e-001  5.1363521e-001
  1.2441142e-001  5.2010577e-001
  1.4016610e-001  5.1991113e-001
  1.6129057e-001  5.0991334e-001
  1.8299463e-001  5.0112878e-001
  2.1057668e-001  4.9264482e-001
  2.2116919e-001  4.9203929e-001
  2.0845731e-001  5.0324815e-001
  1.8905429e-001  5.1385364e-001
  1.6047743e-001  5.2263820e-001
  1.3796023e-001  5.3021385e-001
  1.2512724e-001  5.3756893e-001
  1.1592962e-001  5.3828475e-001
  1.1160222e-001  5.2918229e-001
  1.0361631e-001  5.1828917e-001
  8.8673689e-002  5.0717546e-001
  7.6760897e-002  4.9424516e-001
  6.8689783e-002  4.7716911e-001
  6.2412130e-002  4.6496545e-001
  5.6861766e-002  4.5980328e-001
  5.6158915e-002  4.5405936e-001
  6.5053987e-002  4.4658102e-001
  6.6047927e-002  4.3728608e-001
  5.1517283e-002  4.2596692e-001
  4.3627830e-002  4.1103620e-001
  5.1408287e-002  3.8981657e-001
  4.6463673e-002  3.7225609e-001
  1.7487594e-002  3.5477996e-001
  0.0000000e+000  3.5306068e-001
  7.0285148e-004  3.7608609e-001
  5.0414996e-003  3.9426292e-001
  1.5560699e-002  4.0365517e-001
  1.8178334e-002  4.1183636e-001
  5.1626063e-003  4.1649032e-001
  1.8178983e-003  4.2841501e-001
  1.1416038e-002  4.4940540e-001
  2.7679589e-002  4.7647924e-001
  5.4450012e-002  5.1485925e-001
  7.5136986e-002  5.4293871e-001
  8.7958727e-002  5.5475310e-001
  9.5932955e-002  5.6596413e-001
  9.7253884e-002  5.7937886e-001
  1.0160464e-001  5.8857864e-001
  1.1149409e-001  5.9291686e-001
  1.2259482e-001  5.9301418e-001
  1.3622797e-001  5.8827371e-001
  1.4804453e-001  5.8111328e-001
  1.5349865e-001  5.7100519e-001
  1.6682904e-001  5.6089711e-001
  1.9541672e-001  5.4938548e-001
  2.1491706e-001  5.4332582e-001
  2.2026089e-001  5.4222288e-001
  2.2318043e-001  5.5081497e-001
  2.2218779e-001  5.7232655e-001
  2.2662332e-001  5.9807903e-001
  2.3966176e-001  6.2989117e-001
  2.5267857e-001  6.5746025e-001
  2.6541640e-001  6.7946923e-001
  2.7630952e-001  6.9905392e-001
  2.8389599e-001  7.1601967e-001
  2.9327743e-001  7.3177436e-001
  3.0670514e-001  7.4590492e-001
  3.1710301e-001  7.6066480e-001
  3.2407098e-001  7.7671144e-001
  3.2679804e-001  7.9217417e-001
  3.2368170e-001  8.1045047e-001
  3.2054374e-001  8.1721298e-001
  3.1772152e-001  8.0630473e-001
  3.1610821e-001  7.9479310e-001
  3.1660561e-001  7.8399514e-001
  3.1407318e-001  7.7440825e-001
  3.0619476e-001  7.6562152e-001
  2.9831850e-001  7.5804803e-001
  2.9055037e-001  7.5108007e-001
  2.8217670e-001  7.4532317e-001
  2.7327968e-001  7.4389368e-001
  2.6559806e-001  7.3460955e-001
  2.6036236e-001  7.1057852e-001
  2.5328410e-001  6.9260499e-001
  2.4247316e-001  6.8249906e-001
  2.3408869e-001  6.8026940e-001
  2.2843992e-001  6.8844843e-001
  2.2642869e-001  6.9784069e-001
  2.3047711e-001  7.0894142e-001
  2.3146975e-001  7.1643273e-001
  2.2713154e-001  7.1986049e-001
  2.2339886e-001  7.1844397e-001
  2.2067179e-001  7.1007030e-001
  2.1915796e-001  7.0048341e-001
  2.2097456e-001  6.8704273e-001
  2.1794689e-001  6.8026940e-001
  2.0552480e-001  6.8128800e-001
  1.9673808e-001  6.8775855e-001
  1.9290808e-001  6.9987788e-001
  1.9329519e-001  7.1866239e-001
  1.9975493e-001  7.4805024e-001
  2.0318485e-001  7.7258948e-001
  2.0197378e-001  7.8884157e-001
  2.0136825e-001  8.0691026e-001
  2.0188728e-001  8.3054337e-001
  2.0299021e-001  8.4993342e-001
  2.0611736e-001  8.6508258e-001
  2.0598111e-001  8.7305183e-001
  2.0610438e-001  8.7449862e-001
  2.0611736e-001  8.7484032e-001
  2.0259013e-001  8.7580268e-001
  1.8784322e-001  8.8306692e-001
  1.4310078e-001  9.0456553e-001
  1.0381030e-001  9.2366363e-001
  7.5027990e-002  9.3720163e-001
  4.8063363e-002  9.5255623e-001
  1.1209940e-002  9.7527888e-001
  1.1209940e-002  9.7527888e-001
