         有限元计算结果 
 问题属性：平面应力问题,   结点总数：8，   单元总数：7 
    结点位移计算结果 

    Node        Ux          Uy     

        1       -4.084511e-03        0.000000e+00

        2       -5.182137e-03        0.000000e+00

        3       -3.637317e-03        0.000000e+00

        4        0.000000e+00        4.000429e-03

        5       -3.014241e-03        2.690134e-03

        6       -5.323662e-03       -1.222758e-03

        7        0.000000e+00        5.447404e-03

        8       -2.550395e-03        6.534395e-03

          单元应力计算结果 

 Element    sigx        sigy         tau         sig1         sig3         Mises 
    1 -29.203881  6.142678 -5.190784  6.889199 -29.950401  33.923766  
    2 -15.813514  34.851842  6.143705  35.586187 -16.547859  46.141993  
    3 -13.086012  35.670093 -13.663524  39.238084 -16.654003  49.703664  
    4 -24.982606  20.213595 -0.950867  20.233591 -25.002602  39.248194  
    5 -3.289050  26.721662  4.239917  27.309176 -3.876564  29.439507  
    6 -30.291605 -21.681886 -16.061726 -9.358130 -42.615361  38.792313  
    7  13.333333 -8.594404 -0.560657  13.347659 -8.608730  19.161853  
 
  应力结果统计分析 
最大值  13.333333  35.670093  6.143705  39.238084 -3.876564  49.703664  
最小值 -30.291605 -21.681886 -16.061726 -9.358130 -42.615361  19.161853  

          绕结点应力计算结果 
Node    sigx        sigy         tau         sig1         sig3         Mises 
    1 -14.135828  23.467628  1.644525  23.539412 -14.207611  33.021189  
    2 -6.749107 -1.184876 -4.127489  1.010591 -8.944574  9.490311  
    3  13.333333 -8.594404 -0.560657  13.347659 -8.608730  19.161853  
    4 -27.093243  13.178136 -3.070826  13.410951 -27.326058  35.958802  
    5 -19.444444  16.986331 -4.247213  17.474931 -19.933045  32.419563  
    6 -10.014761  1.797934 -10.095302  7.587743 -15.804570  20.670735  
    7 -22.508697  20.497260  0.476460  20.502538 -22.513975  37.266967  
    8 -14.449763  35.260968 -3.759910  35.543743 -14.732538  44.766671  
 
  绕点平均应力结果统计分析 
最大值  13.333333  35.260968  1.644525  35.543743 -8.608730  44.766671  
最小值 -27.093243 -8.594404 -10.095302  1.010591 -27.326058  9.490311  
