32
3
element 1:
1.6 -0.1 -0.5
-0.1 0.6 -0.5
-0.5 -0.5 1
1 7 6
element 2:
0.6 -0.5 -0.1
-0.5 1 -0.5
-0.1 -0.5 0.6
1 2 7
element 3:
0.6 -0.1 -0.5
-0.1 0.6 -0.5
-0.5 -0.5 1
2 8 7
element 4:
0.6 -0.5 -0.1
-0.5 1 -0.5
-0.1 -0.5 0.6
2 3 8
element 5:
0.6 -0.1 -0.5
-0.1 0.6 -0.5
-0.5 -0.5 1
3 9 8
element 6:
0.6 -0.5 -0.1
-0.5 1 -0.5
-0.1 -0.5 0.6
3 4 9
element 7:
0.6 -0.1 -0.5
-0.1 0.6 -0.5
-0.5 -0.5 1
4 10 9
element 8:
0.6 -0.5 -0.1
-0.5 1 -0.5
-0.1 -0.5 0.6
4 5 10
element 9:
0.6 -0.1 -0.5
-0.1 0.6 -0.5
-0.5 -0.5 1
6 12 11
element 10:
0.6 -0.5 -0.1
-0.5 1 -0.5
-0.1 -0.5 0.6
6 7 12
element 11:
0.6 -0.1 -0.5
-0.1 0.6 -0.5
-0.5 -0.5 1
7 13 12
element 12:
0.6 -0.5 -0.1
-0.5 1 -0.5
-0.1 -0.5 0.6
7 8 13
element 13:
0.6 -0.1 -0.5
-0.1 0.6 -0.5
-0.5 -0.5 1
8 14 13
element 14:
0.6 -0.5 -0.1
-0.5 1 -0.5
-0.1 -0.5 0.6
8 9 14
element 15:
0.6 -0.1 -0.5
-0.1 0.6 -0.5
-0.5 -0.5 1
9 15 14
element 16:
0.6 -0.5 -0.1
-0.5 1 -0.5
-0.1 -0.5 0.6
9 10 15
element 17:
0.6 -0.1 -0.5
-0.1 0.6 -0.5
-0.5 -0.5 1
11 17 16
element 18:
0.6 -0.5 -0.1
-0.5 1 -0.5
-0.1 -0.5 0.6
11 12 17
element 19:
0.6 -0.1 -0.5
-0.1 0.6 -0.5
-0.5 -0.5 1
12 18 17
element 20:
0.6 -0.5 -0.1
-0.5 1 -0.5
-0.1 -0.5 0.6
12 13 18
element 21:
0.6 -0.1 -0.5
-0.1 0.6 -0.5
-0.5 -0.5 1
13 19 18
element 22:
0.6 -0.5 -0.1
-0.5 1 -0.5
-0.1 -0.5 0.6
13 14 19
element 23:
0.6 -0.1 -0.5
-0.1 0.6 -0.5
-0.5 -0.5 1
14 20 19
element 24:
0.6 -0.5 -0.1
-0.5 1 -0.5
-0.1 -0.5 0.6
14 15 20
element 25:
0.6 -0.1 -0.5
-0.1 0.6 -0.5
-0.5 -0.5 1
16 22 21
element 26:
0.6 -0.5 -0.1
-0.5 1 -0.5
-0.1 -0.5 0.6
16 17 22
element 27:
0.6 -0.1 -0.5
-0.1 0.6 -0.5
-0.5 -0.5 1
17 23 22
element 28:
0.6 -0.5 -0.1
-0.5 1 -0.5
-0.1 -0.5 0.6
17 18 23
element 29:
0.6 -0.1 -0.5
-0.1 0.6 -0.5
-0.5 -0.5 1
18 24 23
element 30:
0.6 -0.5 -0.1
-0.5 1 -0.5
-0.1 -0.5 0.6
18 19 24
element 31:
0.6 -0.1 -0.5
-0.1 0.6 -0.5
-0.5 -0.5 1
19 25 24
element 32:
0.6 -0.5 -0.1
-0.5 1 -0.5
-0.1 -0.5 0.6
19 20 25
