         【算例3-2】有限元计算结果 
 问题属性：平面应力问题,   结点总数：8，   单元总数：7 
    结点位移计算结果 

    Node        Ux          Uy     

        1        3.431752e-03        0.000000e+00

        2        4.233956e-03        0.000000e+00

        3        8.218132e-03        0.000000e+00

        4        0.000000e+00        2.375442e-03

        5        1.106258e-03        2.549302e-03

        6        1.489136e-03        6.099203e-04

        7        0.000000e+00        2.735876e-03

        8       -7.611325e-04        6.581557e-03

          单元应力计算结果 

 Element    sigx        sigy         tau         sig1         sig3         Mises 
    1      13.7453       7.8361       0.6888      13.8245       7.7568      12.0021  
    2       5.0769      43.0553       7.8371      44.6090       3.5233      42.9559  
    3      18.0256      46.9399     -15.0807      53.3738      11.5917      48.6255  
    4      21.1778      32.6112      -8.5238      37.1578      16.6312      32.2385  
    5      17.7363      31.5787      -9.2125      36.1803      13.1348      31.7225  
    6       6.4047       8.2036     -18.5566      25.8826     -11.2743      32.9973  
    7      47.1667      20.4322     -10.8737      51.0308      16.5680      45.0906  
 
  应力结果统计分析 
最大值      47.1667      46.9399       7.8371      53.3738      16.6312      48.6255  
最小值       5.0769       7.8361     -18.5566      13.8245     -11.2743      12.0021  

          绕结点应力计算结果 
   Node    sigx        sigy         tau         sig1         sig3         Mises 
    1      19.4571      32.0949      -8.8682      36.6651      14.8869      31.9393  
    2      23.7692      20.0715     -12.8810      34.9333       8.9074      31.4407  
    3      47.1667      20.4322     -10.8737      51.0308      16.5680      45.0906  
    4      17.4615      20.2236      -3.9175      22.9964      14.6888      20.1694  
    5      13.6944      28.3708      -7.1413      31.2721      10.7931      27.5120  
    6      23.8657      25.1919     -14.8370      39.3806       9.6770      35.5442  
    7       9.4111      25.4457       4.2629      26.5086       8.3482      23.4755  
    8      11.5513      44.9976      -3.6218      45.3853      11.1636      40.9608  
 
  绕点平均应力结果统计分析 
最大值      47.1667      44.9976       4.2629      51.0308      16.5680      45.0906  
最小值       9.4111      20.0715     -14.8370      22.9964       8.3482      20.1694  
