% Input-file of boundary-elements for Dirichlet-boundary mesh shown  
% in Fig. 6 of the paper "Remarks around 50 lines of Matlab: 
% Short finite element implementation" by J. Alberty, C. Carstensen 
% and S. A. Funken.
%
% boundary-element  /  1-node  /  2-node  /  3-node  
%
   1 2172 3659 2465
   2 3667 3666 2478
   3  132  133  134
   4  152  153  154
   5  132  134  331
   6  176  177  178
   7  152  154 1597
   8  185  186  187
   9  176  178 3373
  10  489  434 1645
  11  902  447 3418
  12 3422  483  521
  13 3608 3618 3611
  14  388 3610  390
  15 2172 2465 3612
  16 2225 3672 2469
  17  459 2470  528
  18 3667 2478 3671
  19 2159 2212 3664
  20  489 1645  492
  21 2211 3278  407
  22 2211  407  405
  23  189  190  191
  24 2675  378 3052
  25  388  390  391
  26 3390 3587  277
  27 3279  490 3280
  28  432  903  472
  29  554  433 3270
  30  902 3418  474
  31  445 3428  513
  32  508  446  509
  33 3422  521  514
  34  274 1612  395
  35 2728  590  595
  36  598  600  594
  37  274  395  524
  38 2476 3658  569
  39 3655 2160 3657
  40  519  482  591
  41  481  942  530
  42  571 1657  597
  43 2159 3664 2162
  44  519  591  592
  45  593 2788 3094
  46  571  597 3711
  47  392  363 2789
  48  328 2644  588
  49  694 3180  674
  50  470  493 3084
  51  604  562  605
  52  508  509  574
  53  362  350 3078
  54  579  479  580
  55  328  588  349
  56  554 3270  555
  57  470 3084  566
  58  586 2676  714
  59 2675 3052  713
  60  620  556  621
  61 3405  461 3406
  62  567  622  683
  63  567  683  568
  64 2476  569 3089
  65  564 3085  682
  66 1914  460 1916
  67  511  520  675
  68  723  676  724
  69  519  592  602
  70  694  674  695
  71 2476 3089  540
  72  586  714  721
  73 2476  540 2477
  74 3086  719 3096
  75  538 3088 3454
  76  604  605  718
  77  538 2692  539
  78  459  528  532
  79 3077  587 3100
  80  684 2884  742
  81  538 3454 2804
  82  538 2804  721
  83  694  695  647
  84  632  633 2679
  85  632 2679  724
  86 3407 3720 2817
  87 1506 1507 1508
  88   24 3720 1653
  89 1506 1500 1507
  90 1793 1510 3575
  91 1498 3595 3575
  92 2443 1782 2444
  93 1791 2625 1792
  94 2776 2434 3550
  95 1409 2625 2056
  96 1791 2425 3693
  97 1669 1495 1777
  98 3409  696 1671
  99    9 1495   13
 100   32  835  836
 101 2053 1503 1769
 102 2443 2444 2445
 103 2443 2445 1837
 104   53  476  467
 105   53   52   67
 106   66   49   77
 107   66   77   46
 108   75 1288   76
 109 1939 1561 1533
 110 2128 2456 1806
 111 3186 2450 3187
 112 2407 2456 2166
 113 2448 2450 3549
 114 3186 3251 3452
 115    5  667 3294
 116 3323 3606 3322
 117  666  667  668
 118 1939 1533 1844
 119 1259 2786 1068
 120   53   67  476
 121 2905  859 2907
 122 1436 1437 1439
 123  267 2647 1439
 124 2926 2661  180
 125  254  212 2507
 126  254 2507  166
 127  238 3570 3580
 128 2699 3703 3316
 129 1873 1874 3713
 130  124  126  125
 131 3356 3570 1480
 132  172 3583  174
 133  172  174 2593
 134  172 2593 2592
 135 3661 2700 3702
 136 2650 3383  240
 137 2650  240 3384
 138 2650 3384  252
 139  254  255  212
 140 2657 3385  256
 141  197 3175 1809
 142 1598 2647 1809
 143 1050 3075  268
 144 3651 2885 2691
 145  267 1874  268
 146  238  239 3316
 147 2926 2927 2659
 148 2926 2659 2661
 149 2653 2484 2655
 150 3179 3383 2655
 151  250 3385 2468
 152 2657 3175 3355
 153 2657 3355  122
 154 1050 2663 3075
 155 1050 2885 2489
 156 3661 3702 3705
 157  250 3696  252
 158  144  146  145
 159 2662 2663 3698
 160 2653 2654 2523
 161 2522 3696 2466
 162 2225 2470 3659
 163  459 2465 2470
 164 3659 2470 2465
 165 3655 3658 3666
 166 2476 2478 3658
 167 3666 3658 2478
 168  189  378  133
 169 2675  134  378
 170  133  378  134
 171  132  331  153
 172  328  154  331
 173  153  331  154
 174 2675 2644  134
 175  328  331 2644
 176  134 2644  331
 177  152 1597  177
 178  362  178 1597
 179  177 1597  178
 180  328  350  154
 181  362 1597  350
 182  154  350 1597
 183  176 3373  186
 184  392  187 3373
 185  186 3373  187
 186  362  363  178
 187  392 3373  363
 188  178  363 3373
 189  432  433  434
 190  554 1645  433
 191  434  433 1645
 192  445  446  447
 193  508 3418  446
 194  447  446 3418
 195  481  482  483
 196  519  521  482
 197  483  482  521
 198 2172 3612 3618
 199 3405 3611 3612
 200 3618 3612 3611
 201 3608 3611 3610
 202 3405  390 3611
 203 3610 3611  390
 204  459  461 2465
 205 3405 3612  461
 206 2465  461 3612
 207 3667 3671 3672
 208  526 2469 3671
 209 3672 3671 2469
 210 2225 2469 2470
 211  526  528 2469
 212 2470 2469  528
 213 2476 2477 2478
 214  526 3671 2477
 215 2478 2477 3671
 216 2211  405 2212
 217  620 3664  405
 218 2212  405 3664
 219  554  556 1645
 220  620  492  556
 221 1645  556  492
 222 3708 3707 3278
 223 3279  407 3707
 224 3278 3707  407
 225 3279 3280  407
 226  620  405 3280
 227  407 3280  405
 228  388  391  190
 229 1914  191  391
 230  190  391  191
 231  189  191  378
 232 1914 3052  191
 233  378  191 3052
 234 3405 3406  390
 235 1914  391 3406
 236  390 3406  391
 237  185 1612 3587
 238  274  277 1612
 239 3587 1612  277
 240  489  492  490
 241  620 3280  492
 242  490  492 3280
 243  902  474  903
 244  470  472  474
 245  903  474  472
 246  432  472  433
 247  470 3270  472
 248  433  472 3270
 249  508  493 3418
 250  470  474  493
 251 3418  493  474
 252 3422  514 3428
 253  511  513  514
 254 3428  514  513
 255  445  513  446
 256  511  509  513
 257  446  513  509
 258  519  520  521
 259  511  514  520
 260  521  520  514
 261  185  187 1612
 262  392  395  187
 263 1612  187  395
 264  274  524  590
 265  593  595  524
 266  590  524  595
 267 2728  595  600
 268  593  594  595
 269  600  595  594
 270  392 2788  395
 271  593  524 2788
 272  395 2788  524
 273 3655 3657 3658
 274  567  569 3657
 275 3658 3657  569
 276 2159 2162 2160
 277  567 3657 2162
 278 2160 2162 3657
 279  481  530  482
 280  571  591  530
 281  482  530  591
 282  598 1657  942
 283  571  530 1657
 284  942 1657  530
 285  598  594 1657
 286  593  597  594
 287 1657  594  597
 288  620  622 3664
 289  567 2162  622
 290 3664  622 2162
 291  571 3180  591
 292  694  592 3180
 293  591 3180  592
 294  392 2789 2788
 295  579 3094 2789
 296 2788 2789 3094
 297  593 3094  597
 298  579 3711 3094
 299  597 3094 3711
 300  362  479  363
 301  579 2789  479
 302  363  479 2789
 303 2675 2676 2644
 304  586  588 2676
 305 2644 2676  588
 306  571 3711 3180
 307  579  674 3711
 308 3180 3711  674
 309  508  562  493
 310  604 3084  562
 311  493  562 3084
 312  508  574  562
 313  723  605  574
 314  562  574  605
 315  511  676  509
 316  723  574  676
 317  509  676  574
 318  328  349  350
 319 3077 3078  349
 320  350  349 3078
 321  362 3078  479
 322 3077  580 3078
 323  479 3078  580
 324  586  587  588
 325 3077  349  587
 326  588  587  349
 327  470  566 3270
 328  564  555  566
 329 3270  566  555
 330  604 3085 3084
 331  564  566 3085
 332 3084 3085  566
 333 2675  713 2676
 334  715  714  713
 335 2676  713  714
 336 1914 1916 3052
 337  715  713 1916
 338 3052 1916  713
 339  554  555  556
 340  564  621  555
 341  556  555  621
 342  459  460  461
 343 1914 3406  460
 344  461  460 3406
 345  620  621  622
 346  564  683  621
 347  622  621  683
 348  564  682  683
 349 3086  568  682
 350  683  682  568
 351  567  568  569
 352 3086 3089  568
 353  569  568 3089
 354  604  719 3085
 355 3086  682  719
 356 3085  719  682
 357  459  532  460
 358  715 1916  532
 359  460  532 1916
 360  519  602  520
 361  632  675  602
 362  520  602  675
 363  511  675  676
 364  632  724  675
 365  676  675  724
 366  694  633  592
 367  632  602  633
 368  592  633  602
 369  579  580  674
 370 3077  695  580
 371  674  580  695
 372 3086 3088 3089
 373  538  540 3088
 374 3089 3088  540
 375  715 2692  714
 376  538  721 2692
 377  714 2692  721
 378  538  539  540
 379  526 2477  539
 380  540  539 2477
 381  604  718  719
 382  684 3096  718
 383  719  718 3096
 384 3086 3096 3088
 385  684 3454 3096
 386 3088 3096 3454
 387  723 2884  605
 388  684  718 2884
 389  605 2884  718
 390  715  527 2692
 391  526  539  527
 392 2692  527  539
 393  526  527  528
 394  715  532  527
 395  528  527  532
 396  586  722  587
 397 2678 3100  722
 398  587  722 3100
 399  723  725 2884
 400 2678  742  725
 401 2884  725  742
 402  684  742 3454
 403 2678 2804  742
 404 3454  742 2804
 405 2678  722 2804
 406  586  721  722
 407 2804  722  721
 408 3077 3100  695
 409 2678  647 3100
 410  695 3100  647
 411  694  647  633
 412 2678 2679  647
 413  633  647 2679
 414 2678  725 2679
 415  723  724  725
 416 2679  725  724
 417   24 2815 3720
 418 2814 2817 2815
 419 3720 2815 2817
 420   21 3574 1507
 421 3407 1508 3574
 422 1507 3574 1508
 423 3407 3574 3720
 424   21 1653 3574
 425 3720 3574 1653
 426 1498 1499 1500
 427   21 1507 1499
 428 1500 1499 1507
 429   21 1499 1510
 430 1498 3575 1499
 431 1510 1499 3575
 432 2443 1837 3595
 433 1793 3575 1837
 434 3595 1837 3575
 435 1781 2434 1782
 436 2776 2444 2434
 437 1782 2434 2444
 438 1409 2435 2625
 439 1781 1792 2435
 440 2625 2435 1792
 441 1781 2435 2434
 442 1409 3550 2435
 443 2434 2435 3550
 444 1791 3693 2625
 445 2053 2056 3693
 446 2625 3693 2056
 447 1502 1503 2425
 448 2053 3693 1503
 449 2425 1503 3693
 450    9 1494 1495
 451 1502 1777 1494
 452 1495 1494 1777
 453   15  416  696
 454 1669 1671  416
 455  696  416 1671
 456 1669  416 1495
 457   15   13  416
 458 1495  416   13
 459 2814 2815  835
 460   24  836 2815
 461  835 2815  836
 462 1502 1494 1503
 463    9 1769 1494
 464 1503 1494 1769
 465 2776 3105 2444
 466 3104 2445 3105
 467 2444 3105 2445
 468 3104 1796 2445
 469 1793 1837 1796
 470 2445 1796 1837
 471  475  468  476
 472   36  467  468
 473  476  468  467
 474   48   49   52
 475   66   67   49
 476   52   49   67
 477   48   19   49
 478   75   77   19
 479   49   19   77
 480   75   76   77
 481   45   46   76
 482   77   76   46
 483 1638  424 1288
 484   45   76  424
 485 1288  424   76
 486   45  424 1561
 487 1638 1533  424
 488 1561  424 1533
 489 2407 1737 2456
 490 1638 1806 1737
 491 2456 1737 1806
 492 2448 2449 2450
 493 2128 3187 2449
 494 2450 2449 3187
 495 2128 2449 2456
 496 2448 2166 2449
 497 2456 2449 2166
 498 3186 3452 2450
 499 1259 3549 3452
 500 2450 3452 3549
 501 2785 2786 3251
 502 1259 3452 2786
 503 3251 2786 3452
 504  666 2455  667
 505 2785 3294 2455
 506  667 2455 3294
 507  998 3451 3606
 508    5 3322 3451
 509 3606 3451 3322
 510    5 3451  667
 511  998  668 3451
 512  667 3451  668
 513 1638 1737 1533
 514 2407 1844 1737
 515 1533 1737 1844
 516 2785 2455 2786
 517  666 1068 2455
 518 2786 2455 1068
 519   66  477   67
 520  475  476  477
 521   67  477  476
 522   36  468  859
 523  475 2907  468
 524  859  468 2907
 525 3560 1732 1437
 526  267 1439 1732
 527 1437 1732 1439
 528 1598 1600 2647
 529 1436 1439 1600
 530 2647 1600 1439
 531  254  166 2661
 532  164  180  166
 533 2661  166  180
 534  210  126  212
 535  124 2507  126
 536  212  126 2507
 537  124  165 2507
 538  164  166  165
 539 2507  165  166
 540 3356 3357 3570
 541  210 3580 3357
 542 3570 3357 3580
 543 1479 1482 3703
 544  238 3316 1482
 545 3703 1482 3316
 546  267 1732 1874
 547 3560 3713 1732
 548 1874 1732 3713
 549  210 3357  126
 550 3356  125 3357
 551  126 3357  125
 552  238 1482 3570
 553 1479 1480 1482
 554 3570 1482 1480
 555 1436 1600 3583
 556 1598  174 1600
 557 3583 1600  174
 558 1598 2927  174
 559 2926 2593 2927
 560  174 2927 2593
 561 2926  180 2593
 562  164 2592  180
 563 2593  180 2592
 564 2699 2698 2700
 565 3179 3702 2698
 566 2700 2698 3702
 567 3179  239 3383
 568  238  240  239
 569 3383  239  240
 570  238 3580  240
 571  210 3384 3580
 572  240 3580 3384
 573  210  211 3384
 574  250  252  211
 575 3384  211  252
 576  250  211  255
 577  210  212  211
 578  255  211  212
 579  250  255 3385
 580  254  256  255
 581 3385  255  256
 582 2657 2658 3175
 583 1598 1809 2658
 584 3175 2658 1809
 585  267  200 2647
 586  197 1809  200
 587 2647  200 1809
 588  197  200 3075
 589  267  268  200
 590 3075  200  268
 591 1050 1875 2885
 592 1873 2691 1875
 593 2885 1875 2691
 594 1873 1875 1874
 595 1050  268 1875
 596 1874 1875  268
 597 3179 2698  239
 598 2699 3316 2698
 599  239 2698 3316
 600 1598 2658 2927
 601 2657 2659 2658
 602 2927 2658 2659
 603 2657  256 2659
 604  254 2661  256
 605 2659  256 2661
 606 2483 2485 2484
 607 3179 2655 2485
 608 2484 2485 2655
 609 2650 2654 3383
 610 2653 2655 2654
 611 3383 2654 2655
 612 2657  122 3385
 613  120 2468  122
 614 3385  122 2468
 615  197  146 3175
 616  144 3355  146
 617 3175  146 3355
 618  144  121 3355
 619  120  122  121
 620 3355  121  122
 621 2662 2664 2663
 622  197 3075 2664
 623 2663 2664 3075
 624 3651 2903 2885
 625 2904 2489 2903
 626 2885 2903 2489
 627 3179 2485 3702
 628 2483 3705 2485
 629 3702 2485 3705
 630 2522 2525 3696
 631 2650  252 2525
 632 3696 2525  252
 633  197 2664  146
 634 2662  145 2664
 635  146 2664  145
 636 1050 2489 2663
 637 2904 3698 2489
 638 2663 2489 3698
 639 2650 2525 2654
 640 2522 2523 2525
 641 2654 2525 2523
 642  250 2468 3696
 643  120 2466 2468
 644 3696 2468 2466
