% Input-file of boundary-elements for Neumann-boundary shown in 
% Fig. 6 of the paper "Remarks around 50 lines of Matlab: 
% Short finite element implementation" by J. Alberty, C. Carstensen 
% and S. A. Funken.
%
% boundary-element  /  1-node  /  2-node  /  3-node  
%
    1 2480 2566 2019
    2 2040 2034 2041
    3 2028 2029 2030
    4 2549 3642 2052
    5  128  161 3367
    6 1591  129 1593
    7 2509 2521 2983
    8  128 3367  131
    9 2237 2110 2543
   10  412  333 1635
   11 3058 1610 3605
   12 2304 2152 2303
   13 3608 3609 3618
   14 2627 2917 2916
   15 2225 3659 2182
   16 2133 2134 2135
   17 2480 2019 2481
   18 2040 2041 2042
   19 2564 3701 2528
   20 2211 2212 2213
   21 3655 3666 2171
   22 2157 2069 2253
   23 2404 2405 2630
   24   91   93 3349
   25 3408 2044 2985
   26 2549 2550 3592
   27 3408 2985 2051
   28 3560 3713 3602
   29 2616 2618 2619
   30   15   16 3337
   31  408  410  543
   32  502  544  505
   33 3446 2239 3011
   34  412  415  413
   35 3347  102 3346
   36  998 3606 1753
   37  998 1753 3448
   38 3409 3709  404
   39 2483 3705 2486
   40  998 3448 3237
   41 2576 2577 2578
   42 3409  404 3597
   43 3323   16 3605
   44 3058  417 3411
   45  332  503 3425
   46 2168 2220 2252
   47 2157 2253 3670
   48 3667 3672 2251
   49 2249 2226 3669
   50 2172 2173 2174
   51 2032 2532 2033
   52 2157 3670 2135
   53 2168 2170 2171
   54   91 3349 2510
   55 2564 2528 2020
   56 3010 2238 2542
   57 2304 2303 2540
   58 3058 3411 2541
   59 2526 3663 2075
   60  332 3425  335
   61 2159 2160 2161
   62 2180 2554 3669
   63  160 3395  163
   64 2108 2559 2109
   65  160  313 3395
   66 3651 2137 2691
   67 2904 2902 2903
   68 2549 2052 2550
   69 2108 2454 2559
   70 2699 2558 2700
   71 1479 2582 3703
   72  412 1635  415
   73 3620 3686 3261
   74 1688 3619 1690
   75 3620 3261 1825
   76  678  343 1622
   77 3341 2639 2091
   78  708  535 1656
   79  142  283  705
   80  735  576 1658
   81  193  357 3398
   82  761  617 1663
   83  230  380  741
   84  793  663 3450
   85  308  397 2629
   86 1683  814 1691
   87  365  419 3413
   88 2611  140 2612
   89 1815 2255 2935
   90  142  705  143
   91  282  194 1613
   92 3307  285 3308
   93  193 3398  196
   94  356  231 3382
   95 1623  359 1624
   96  230  741  233
   97  379  309 1625
   98 1786  382 1787
   99  308 2629  311
  100  396  366 3400
  101 1629  399 1630
  102  365 3413  368
  103   79 3325  469
  104 2150 2152 3680
  105 2304 3609 1628
  106 3069 2462 3695
  107  388  190 1627
  108 2353 2442 2437
  109 3069 3695 2438
  110  189  133 1595
  111  132  153 3366
  112 2416 2351 2417
  113  176  186  179
  114 1823 3044 1728
  115 3390  839 3388
  116 3330   38 3329
  117 2905  845 1789
  118 1688 1690 1776
  119   36  859  469
  120   79 3365  150
  121   71   73   88
  122 2589   85 3342
  123 2589 3342 1817
  124  534  679 3453
  125 3363  681 2935
  126  575  709 2620
  127  616  736 1679
  128 3362  738 1624
  129  616 1679  619
  130   36 1790   34
  131 2814  835 2816
  132  662  762 3465
  133 3394  764 1787
  134  662 3465  665
  135  813  794 3471
  136 1680  796 1630
  137   32   33   34
  138  708 1656  711
  139  575 2620  578
  140   87   89  345
  141 3390 3388 3587
  142  534 3453  537
  143  185 3585  188
  144  813 3471  816
  145 3271  192 2464
  146 2304 1628 3297
  147 2436  135 2440
  148 2353 2437 3691
  149  152  177 3371
  150 2905 1789 3617
  151 2814 2816 1727
  152  418  422 2643
  153 2460 2302 2461
  154  418 2643  421
  155  152 3371  155
  156 2416 2417 3043
  157 2627 2917 2915
  158 2353 2442 2441
  159 3620 3686 2575
  160 2353 2441 2352
  161 2761 3438  205
  162  156 2762  217
  163 2761  205  216
  164 2150 2151 2153
  165 2460 3680 3317
  166 2627 2915 2628
  167 2480 2566 3637
  168  156  217  271
  169 2564 3701 2562
  170 3069 2462 3071
  171 3380 3070  287
  172 2460 3317 2463
  173  201  259  346
  174  258  299  260
  175 1688 3619 1689
  176  298 1821  170
  177 2092 1834 1833
  178 2564 2562 2429
  179 2560 2769  272
  180  304 2922 2968
  181 2133 2134 2136
  182 2430 2432 2431
  183  168 3268  369
  184 2457 2458  228
  185 1820 2093 2604
  186  168  369  371
  187  226  227  338
  188  201  346  303
  189  214  302  360
  190  168  371  347
  191  304 2968  342
  192 2665  372 2667
  193  242  244  243
  194  226 3706  228
  195 2430 2431  317
  196  340  341 2667
  197  336  337  288
  198  286  306 2770
  199 2430  317 2666
  200  336  288 2669
  201  765  766  767
  202  777  778  779
  203  809  810  811
  204  817  818  819
  205   91 2405  265
  206  104   93 3343
  207  263 2684  264
  208  765  767  791
  209  880 3712 2681
  210  797  798  799
  211  809  811 2682
  212 2694 2685 3048
  213  860  861  862
  214   83   85   86
  215  278  279  280
  216 2589   73 2590
  217 3116 1616 2591
  218 2686 2687 2688
  219  847 3728  848
  220  829  849  832
  221 1165 1166 1167
  222 2589 2590 2591
  223  824 1478 3569
  224  860  862 3115
  225 1614 1616  295
  226 2680  803  799
  227  319  320  321
  228 2694 3048  825
  229   91  265 3386
  230  797  805  806
  231  234   92  236
  232 1053  887 1693
  233 1053  833  826
  234 2040 2034 2391
  235 3408 2044 2397
  236 2040 2391  386
  237 2549 3642 3232
  238 3408 2397  402
  239  463 3592  465
  240 3421  464  888
  241 2549 3232 1649
  242  765  766  768
  243  809  810  812
  244  294  295  297
  245 2092 2093   97
  246  298  299 3046
  247 2761 2762  496
  248 2611  140  689
  249  282  194  717
  250  356  231  732
  251  379  309  744
  252  396  366  758
  253  418  422 2642
  254 2108 2454 2453
  255 2586 2719  627
  256 2237 2110 2422
  257 2108 2453  487
  258 3446 2239 2447
  259 2237 2422  500
  260 2576 2577 2471
  261 3446 2447  630
  262 1607 3607  223
  263 2576 2471 1754
  264 2084  954  959
  265  545 3716  383
  266 2032 2630  437
  267  930 2390  438
  268 2404  506 2631
  269 3421  888  890
  270 3421  890 3715
  271  263 2684  906
  272  436  507 2702
  273  765  768  792
  274  880 3712  882
  275 2810  881 1033
  276  809  812 2690
  277 2694 2685 2696
  278  658 2695 1002
  279  294  297 1045
  280 1614   86 2504
  281 1614 2504 1617
  282 1688 1689 3325
  283 1820 1821 1774
  284   95   96 3336
  285  298 3046 1641
  286  258 3438  560
  287 2840 3047 2842
  288 2761  496  559
  289 2560 2561 1608
  290 2560 1608  224
  291 3341 2639 3080
  292 1098 3699 1385
  293 2611  689 2640
  294  142  283  704
  295  282  717  284
  296  142  704 1747
  297  193  357  728
  298 1674  195  729
  299  356  732  358
  300  230  380  740
  301  379  744  381
  302  230  740  232
  303  308  397  751
  304  396  758  398
  305  365  419 3412
  306  418 2642  420
  307  365 3412  367
  308  545  383  352
  309 2718 3501  974
  310  624  626  962
  311  545  352  973
  312   79   82   81
  313  308  751  310
  314  953  970  955
  315  400  401 2828
  316  969  968  964
  317 2632 3487  965
  318  400 2828 2827
  319 2805  752  995
  320  156 2769  644
  321  494  495 3526
  322 2560  224  643
  323 3191 3458 1116
  324  688 3505  986
  325 3191 1116  985
  326  731 3508 1010
  327  523  373 1094
  328  635 3650 3514
  329  757 3512 1042
  330  635 3514 1041
  331  148  150 2753
  332 1646  423 3417
  333   79   81 3615
  334  498  499 3504
  335  628  629  991
  336  498 3504  990
  337 2084  959 3499
  338 3401 3462 1059
  339 1008 1009 1135
  340 2805  995 1058
  341 1154  901 1017
  342  384  385 1016
  343 2632  965 1127
  344  658 1002 1001
  345 1639 2645   63
  346  727  733 1065
  347  731 1010 3519
  348  688  986  913
  349 1305 1141 2855
  350  749  759 1085
  351  993  994  997
  352  757 1042 1084
  353  523 1094 3536
  354   95 3336   70
  355 3416 1778 3616
  356 1639   63   69
  357  485  486 1014
  358 1274  981 3132
  359  624  962 3509
  360   62 3429  517
  361 2840 2842  516
  362  222  640 2940
  363  642 2736 2951
  364  628  991 2939
  365  930  438  976
  366 2810 1033 1122
  367 1115 3525 1105
  368 1674  729 1089
  369  884  885 1169
  370 1121 1034 1170
  371  658 1001 1063
  372 1125 3533 1129
  373  963 1156 2853
  374  494 3526 1080
  375  642 2951 1106
  376 1384  690 1031
  377  984 1117 1163
  378 1015  931 2704
  379  911 1197 1222
  380 1305 2855 1223
  381  984 1163 1199
  382 1646 3417  441
  383 3101 3415  442
  384 3416 3616  444
  385  523 3536 1138
  386 1098 1385 1032
  387 1098 1032  701
  388  988 3074 2874
  389 1040 3513 1185
  390 2857 1148 2859
  391 1147 3537 1152
  392 2870  960 1151
  393 1150 1120 2865
  394  558  823 1081
  395  958 3500 1205
  396 1355 1195 2866
  397 2632 1127 2712
  398 1150 2865 1321
  399 1125 1129 1291
  400 1087 3522 1159
  401 2703 3107 2704
  402 1015 3532 1123
  403 1454 2164 3243
  404 1115 1105 3242
  405 1256 1275 3554
  406 1274 3132 1276
  407 1083 1114 3722
  408 1040 1185 2851
  409  971 1140 2708
  410  558 1081 1061
  411 1154 1017 1254
  412 1268 1157 1396
  413 1015 1123 1207
  414 1395 2877 1327
  415 1121 1170 1326
  416 2857 2859 1316
  417 1147 1152 1284
  418 2880 3556 1285
  419 1150 1321 1287
  420  993  997 1241
  421 1083 3722 1240
  422 1355 2866 1343
  423 1008 1135 1312
  424 1283 1336 2890
  425 1008 1312 1267
  426 1158 1099 1339
  427 1311  783 1313
  428 1079 1108 3545
  429 1079 3545 1257
  430 1087 1159 1333
  431 3241 3158 1334
  432 1158 1339 1296
  433 1355 1343 1351
  434 1332 3557 1444
  435 1355 1351 1320
  436 1311 1243 1331
  437 1283 2890 1467
  438 1057 1078 1246
  439 1244 1245 1308
  440 1183 1184 1302
  441 3101  442 1301
  442 1315 1319 3568
  443 1239 2872 1420
  444 2707 3714 2723
  445 2721 2722 1317
  446  781 1352  784
  447 2711 1164 1292
  448  654 1130 1367
  449 1325 2883 1368
  450 1305 1223 1306
  451 1221 3547 1310
  452   28   64   58
  453  440 2421  706
  454 1300 3692 1477
  455   62  517 3470
  456  515 1171 1413
  457 1483  789 1485
  458 1079 1257 1324
  459 1315 3568 1468
  460 1418 1419 1472
  461 1256 3554 1394
  462 2376 1340 2959
  463 2721 1317 1393
  464 1391 1425 1470
  465 1341 1342 1345
  466 1341 1345 1430
  467 1454 3243 1455
  468 1268 1396 1381
  469 1290 1269 1382
  470 1395 1327 1397
  471 1350 1354 1444
  472 1403 1278 1405
  473 1471 2895 1492
  474 1391 1470 1489
  475 1183 1302 1458
  476 1239 1420 3172
  477 1244 1308 3567
  478 1418 3564 1452
  479 1488 1441 1484
  480 1428 1429 3565
  481 1428 3565 1455
  482 3241 1334 3166
  483 1428 1446 1430
  484 1488 1484 1490
  485 1488 1490 1489
  486 1380 1435 1432
  487 1366 2725 1432
  488 1450 1451 1422
  489 1450 1422 3567
  490  753 1505 1536
  491 3484  877 1694
  492 1544 2914 2913
  493 1551 1526 1555
  494 1563 1530 1564
  495 1591 2029  927
  496  128  129  130
  497 1591  927 1592
  498  160  161  162
  499  128  130  940
  500  312  313  314
  501 1580 3603 1581
  502  160  162  950
  503   87  343  344
  504  534  535  536
  505  575  576  577
  506  616  617  618
  507  662  663  664
  508  319 2687 3419
  509  777 3728  804
  510  829  818 1687
  511 1165  861 1168
  512 1567 1569 1570
  513 2738 2739 2740
  514 3369 2743 3217
  515  412  413  414
  516 2580 3710 2584
  517  332  333  334
  518  412  414 1888
  519 1358  840 3389
  520 3497 1359  952
  521  274  276  277
  522 1406 3700 2729
  523 1346 1407  943
  524  598  599  600
  525 1346  943 1347
  526  922 1348 3492
  527 1362 1361 3427
  528 3422  923  483
  529  907 1364  910
  530 1373 1371  904
  531  902 1370  447
  532 1373  904 1374
  533  892 1375  895
  534  455 1377 1378
  535  489 1698  434
  536 2616  457 3420
  537 3497  952 2730
  538 3326 3327 3329
  539 3328 3719 3333
  540 2496 3332 3333
  541 3351  114 3350
  542 3334 1797 1706
  543 1839 1830 1803
  544 1004 1006 1725
  545 1828 1830 1831
  546 2571 2517 3721
  547 3627 1883 3626
  548 2515 2517 2518
  549 1880 1883 2487
  550 3275  748 3276
  551 3275 3503  748
  552 3352  117 1295
  553   98 1294 1295
  554  116 3338   60
  555   41 2497 3350
  556  842  754  843
  557 1683  844 1685
  558  753 1536  756
  559 1187 3485 3483
  560 1534 1189 1962
  561 3484 1694 3482
  562  876 1546 2911
  563 1696  879 1849
  564 1544 2913 1545
  565 3578 1553 2909
  566 1885 3724 1857
  567 1551 1555 1552
  568 1524 1931 3572
  569  327 1525 3301
  570 1563 1564 1565
  571 1528  409 3410
  572 1571 1529 1572
  573  408  543  411
  574 2028  105 1030
  575  925 2031 2646
  576  104 3343  106
  577 1180 1175 1712
  578  708  709  710
  579   59 3320   60
  580 3347 3348  102
  581   71   88   74
  582  278   72 3339
  583   87  344   90
  584  678  679  680
  585 1023 1173 1707
  586  534  536 1668
  587  575  577 2621
  588  735  736  737
  589  136 1196 1714
  590  616  618 1678
  591  761  762  763
  592 1210 1216 1717
  593  662  664 3464
  594  813  814  815
  595 1683 1685 1686
  596  234  320  237
  597 1028 2505 1022
  598  319 3419  322
  599 2686  778 2732
  600 3204 2689 1900
  601  777  804  780
  602  847  849  850
  603 3456 3630 3206
  604  829 1687  831
  605  817 1166 3539
  606 1733  820 1908
  607 1165 1168 3538
  608 1567 1570 2716
  609  860  279 3391
  610 1923  863 1920
  611  278 3339  281
  612 3708 2618 3707
  613 1601 1805 1748
  614 1580 1581 1582
  615  489  490 1378
  616 3422 3428 3427
  617  502  503  504
  618  915  542 3551
  619  332  334 1145
  620 1577 2742 1751
  621 1601 1748 1602
  622  938  935 1894
  623  948  944 1741
  624  938 1894  947
  625 1709 2795 1951
  626  813  815  794
  627 1180 1712 1912
  628 1709 1951 1711
  629 2738 2740 1745
  630 3369 3217 3717
  631 2002 1742 3604
  632 1720 2844 3593
  633 2715 1852 2843
  634 1696 1849 1866
  635 1885 1857 2491
  636  327 3301 1913
  637 1571 1572 3624
  638  915 3551 1884
  639 1949 1905 2024
  640  136 1714 1715
  641 3463 1535 3598
  642 3340 1025  653
  643  793  795 2626
  644 1210 1717 2956
  645 3204 1900 3203
  646 1019 2779 1943
  647 3204 3203 3205
  648 1539 1541 1977
  649 1696 1866 1865
  650 3456 3206 1992
  651 1733 1908 3629
  652 1176 1178 2861
  653 1180 1912 1181
  654 1577 1751 1928
  655 1743 1746 1871
  656 3220 3622 3138
  657  925 2646 1021
  658 1534 1962 1963
  659 1539 1977 3633
  660 1548 1549 1974
  661 2037 1848 3528
  662 1885 2491 1886
  663 1855 1890 1976
  664 2080 1856 3634
  665  327 1913 1889
  666 1898 2568 3224
  667 1631 1899 3223
  668 3456 1992 3311
  669 1236 1846 2012
  670  650 1024 1919
  671 1023 1707 1027
  672 1998 1735 1999
  673 1991 2000 2089
  674 1733 3629 1734
  675 1862 1578 1863
  676 2383 1864 2975
  677 1577 1928 1579
  678 1571 3624 1878
  679 3234 1677 3544
  680 1201 1925 1204
  681 1935 1719 1984
  682 1716 1667 1985
  683 1983 1972 2547
  684 2010 1980 2011
  685 1213 1211 1215
  686 2139 3600 1988
  687 1210 2956 3542
  688 1910 1950 2008
  689 1236 2012 1237
  690 1232 1234 1971
  691 1964 3211 2023
  692 3220 3138 2106
  693 2014 1851 2015
  694 1743 1871 1854
  695  925 1021 1942
  696 1143 1146 1917
  697 1954 3298 2973
  698 2977 1893 2067
  699 3234 3544 2994
  700 1749 2004 3635
  701  428 2022 2045
  702 2002 3604 2003
  703  934  926 1930
  704 1892  937 3213
  705  925 1942  929
  706 1935 1984 2077
  707 1923 1920 3631
  708 2147 1904 2862
  709 1923 3631 1924
  710 2080 3634 2142
  711 2096 3636 2074
  712 1949 2024 2025
  713 1991 2089 2155
  714 2977 2067 2006
  715 1987 1938 2095
  716 1935 2077 2125
  717 2037 3528 3529
  718 1877 1879 2964
  719 1979 2039 2114
  720 2037 3529 2038
  721 2807 1965 2185
  722 2183 1967 2258
  723 1964 2023 2976
  724 2383 2975 2193
  725 2807 2185 2809
  726 1968 1969 3654
  727 2175 2078 2176
  728 2147 2862 2148
  729 3222 2113 3647
  730 1991 2155 2112
  731 2062 1911 2063
  732 2997 2179 3005
  733 1910 2008 2102
  734 2058 2082 2059
  735 2969 2060 2284
  736 2080 2142 2081
  737 1945 1947 2190
  738 2263 2088 2189
  739 3234 2994 3235
  740 1631 3223 3445
  741 3222 3647 2198
  742 1941 1634  770
  743 3212 3467  772
  744 1631 3445 1633
  745 2991 1955 2016
  746 3212  772 3213
  747 2191 2184 2233
  748 2104 2988 2275
  749 2383 2193 3345
  750 3220 2106 3218
  751 2991 2016 2145
  752 2139 1988 2140
  753 1987 2095 3652
  754  428 2045 1200
  755 2005 2066 2987
  756 2096 2074 2261
  757 2263 2189 3201
  758 2123 2120 2313
  759 2545 2115 2217
  760 2545 2217 2546
  761 1983 2547 2204
  762 2969 2307 1281
  763 2273 2192 2322
  764 2191 2233 2293
  765 2231 2234 2336
  766 2183 2258 2289
  767 2065 1896 2117
  768 2175 2176 2243
  769 2997 3005 2244
  770 1983 2204 3643
  771 2100 2097 2314
  772 2242 2283 2339
  773 2096 2261 2099
  774 2139 2140 3229
  775 2991 2145 2672
  776 2962 2673 2210
  777 2143 2105 2980
  778 2298 2265 2319
  779 2263 3201 2264
  780 2969 2284 3679
  781 3640 3641 2209
  782 2256 2536 3704
  783  428 1200 3726
  784 1626 1514 3675
  785 2594 2326 2597
  786 2187 2271 3014
  787 2366 3530 2367
  788 2175 2243 2270
  789 2202 2216 3478
  790 2119 2203 2277
  791 2969 3679 2307
  792 2104 2275 3250
  793 1859 1861 2359
  794 2104 3250 2215
  795 2286 2274 2334
  796 1859 2359 2346
  797 2273 2322 2323
  798 3254 2299 3682
  799 3649 2122 3677
  800 3139 2205 2342
  801 2123 2313 2306
  802  769 1262 2117
  803 2072 2888 3008
  804  218 2214 2349
  805 3139 2342 3140
  806 3334   42 1797
  807 3507 1006 1704
  808 2600 2257  293
  809 2256 3704 2318
  810  218 2349 2362
  811 2971 2310 2332
  812 3649 3677 2331
  813 1859 2346 2344
  814 3645 2260 2372
  815  218 2362  221
  816 2324 2206 2325
  817 1626 3675 2267
  818 3640 2209 2287
  819 3640 2287 3653
  820 3013 2247 3685
  821 2360 2348 2400
  822 2347 2341 2385
  823 3254 3682 2597
  824 2340 3681 2393
  825 3027 2394 2605
  826 3649 2331 3687
  827 3263 2291 3684
  828 3027 2605 2410
  829 2408 2328 2409
  830 3027 2410 3028
  831 2231 2336 2337
  832 2600  293 2601
  833 2370 2361 2398
  834 3253 3683 2364
  835 2594 2595 3267
  836  290 2585 2389
  837 2295 2296 2358
  838 2355 2356 2386
  839 2370 2398 2374
  840 2418 2368 3024
  841 2418 3024 2374
  842 3013 3685 2371
  843 2412 3690 2608
  844 2606 2401 3028
  845 2606 2602 2608
  846 3263 3684 2381
  847 2355 2386 2413
  848 2355 2413 2389
  849 3263 2381 2365
  850 3351  114 1652
  851  113 1704  425
  852  113  425  115
  853 3627 3276 3625
  854 3275 3503 2055
  855 3275 2055 3277
  856   32   33   35
  857 3328 3719 1644
  858   24 1775 1653
  859 3328 1644   35
  860 2053 3502 1769
  861 3507 1803 1802
  862 2571 2574 3721
  863 3104 1841 3105
  864 3627 3625 3626
  865 2776 2574 3550
  866 3352  117   10
  867  116 3338 3321
  868  116 3321    6
  869 3104 1796 1802
  870 3334   42 3335
  871 1004 1706 1007
  872  745 2487  747
  873  745  747 1700
  874  745 1700 1294
  875   48   19 3335
  876 2496 3332   40
  877   41 2497  119
  878   53 2498  467
  879 1004 1007 1724
  880 1828 1725 1829
  881 2515 1831 2315
  882 1880 2518 2317
  883 2128 2516 1806
  884   59 3320    8
  885 3347 3348 3346
  886 3323  103 3322
  887    5    7 3294
  888   53   52  119
  889 1880 2317 2027
  890 1187 3485  874
  891 3484  877 3486
  892 3484 3486  873
  893 1551 1526 3577
  894 1524 1931 3571
  895 1524 3571 1527
  896 2905  845  755
  897  753 1505 1497
  898  475 1188  477
  899  753 1497  755
  900 1259 1932 1068
  901  876 1546 1543
  902 1544 2914 1547
  903 2407 1844 3245
  904 3578 1553 3245
  905 2407 1929 2166
  906 1563 1530 1934
  907 1528  409  999
  908 1528  999 1933
  909 1939 1561 1543
  910   53  476  467
  911   53   52   67
  912   66   49   77
  913   66   77   46
  914   75 1288   76
  915 1939 1561 1533
  916 2128 2456 1806
  917 3186 2450 3187
  918 2407 2456 2166
  919 2448 2450 3549
  920 3186 3251 3452
  921    5  667 3294
  922 3323 3606 3322
  923  666  667  668
  924 1939 1533 1844
  925 1259 2786 1068
  926   53   67  476
  927 2905  859 2907
  928 2522 2466 2529
  929 2084 3716 2086
  930 2580 3710 2582
  931 1567 1569 2649
  932 1601 1805 3584
  933 1580 3603 3561
  934 1580 3561 1438
  935 1567 2649 1481
  936 2483 2484 2486
  937 2653 2523 2656
  938  144  145  147
  939 3421 3715  889
  940 2662 3698  466
  941  953  954  957
  942 2519 2701 1587
  943 2084 2086 2085
  944 2586 3697 2719
  945 3356 3358  125
  946 1601 3584  175
  947 2738 2739  127
  948 3369 2743 2508
  949  144  147 1588
  950  144 1588  121
  951 2718 2524 3501
  952  120  123 2467
  953 3421  889 1051
  954 3421 1051  464
  955 2472 2530 2529
  956  164  165  167
  957  164  167 2592
  958 1436 1437 1439
  959  267 2647 1439
  960 2926 2661  180
  961  254  212 2507
  962  254 2507  166
  963  238 3570 3580
  964 2699 3703 3316
  965 1873 1874 3713
  966  124  126  125
  967 3356 3570 1480
  968  172 3583  174
  969  172  174 2593
  970  172 2593 2592
  971 3661 2700 3702
  972 2650 3383  240
  973 2650  240 3384
  974 2650 3384  252
  975  254  255  212
  976 2657 3385  256
  977  197 3175 1809
  978 1598 2647 1809
  979 1050 3075  268
  980 3651 2885 2691
  981  267 1874  268
  982  238  239 3316
  983 2926 2927 2659
  984 2926 2659 2661
  985 2653 2484 2655
  986 3179 3383 2655
  987  250 3385 2468
  988 2657 3175 3355
  989 2657 3355  122
  990 1050 2663 3075
  991 1050 2885 2489
  992 3661 3702 3705
  993  250 3696  252
  994  144  146  145
  995 2662 2663 3698
  996 2653 2654 2523
  997 2522 3696 2466
  998 2564 2020 2566
  999 2018 2019 2020
 1000 2566 2020 2019
 1001 2032 2033 2034
 1002 2509 2041 2033
 1003 2034 2033 2041
 1004 1591 2521 2029
 1005 2509 2030 2521
 1006 2029 2521 2030
 1007 3408 2051 3642
 1008 2050 2052 2051
 1009 3642 2051 2052
 1010  160  163  161
 1011 2050 3367  163
 1012  161  163 3367
 1013  128  131  129
 1014 2534 1593  131
 1015  129  131 1593
 1016 1591 1593 2521
 1017 2534 2983 1593
 1018 2521 1593 2983
 1019 2050 2070 3367
 1020 2534  131 2070
 1021 3367 2070  131
 1022 2108 2109 2110
 1023 2195 2543 2109
 1024 2110 2109 2543
 1025  332  335  333
 1026 2195 1635  335
 1027  333  335 1635
 1028 1607 1752 1610
 1029 3323 3605 1752
 1030 1610 1752 3605
 1031 2150 2151 2152
 1032 2627 2303 2151
 1033 2152 2151 2303
 1034 2304 2173 3609
 1035 2172 3618 2173
 1036 3609 2173 3618
 1037 2133 2554 2917
 1038 2180 2916 2554
 1039 2917 2554 2916
 1040 2172 2174 3659
 1041 2180 2182 2174
 1042 3659 2174 2182
 1043 2480 2481 2134
 1044 2157 2135 2481
 1045 2134 2481 2135
 1046 2018 2069 2019
 1047 2157 2481 2069
 1048 2019 2069 2481
 1049 2509 2983 2041
 1050 2534 2042 2983
 1051 2041 2983 2042
 1052 3058 2541 3701
 1053 2526 2528 2541
 1054 3701 2541 2528
 1055 2159 3663 2212
 1056 2526 2213 3663
 1057 2212 3663 2213
 1058 3667 2220 3666
 1059 2168 2171 2220
 1060 3666 2220 2171
 1061 2018 2170 2069
 1062 2168 2253 2170
 1063 2069 2170 2253
 1064   91 2532 2405
 1065 2032 2630 2532
 1066 2405 2532 2630
 1067  104  105   93
 1068 2028 3349  105
 1069   93  105 3349
 1070 2040 2042 2044
 1071 2534 2985 2042
 1072 2044 2042 2985
 1073 3651 3723 2550
 1074  463 3592 3723
 1075 2550 3723 3592
 1076 2534 2070 2985
 1077 2050 2051 2070
 1078 2985 2070 2051
 1079 1873  315 3713
 1080  312 3602  315
 1081 3713  315 3602
 1082 3708 3709 2618
 1083 3409 2619 3709
 1084 2618 3709 2619
 1085 3323  101   16
 1086  100 3337  101
 1087   16  101 3337
 1088  998  544  410
 1089  502  543  544
 1090  410  544  543
 1091  998 3237  544
 1092 3010  505 3237
 1093  544 3237  505
 1094 2237 2238 2239
 1095 3010 3011 2238
 1096 2239 2238 3011
 1097 2699 2581  415
 1098 2580  413 2581
 1099  415 2581  413
 1100  100  101  102
 1101 3323 3346  101
 1102  102  101 3346
 1103 3323 1752 3606
 1104 1607 1753 1752
 1105 3606 1752 1753
 1106 1607 3607 1753
 1107 2576 3448 3607
 1108 1753 3607 3448
 1109 3708 3278 3709
 1110 2211  404 3278
 1111 3709 3278  404
 1112 3661 2587 3705
 1113 2586 2486 2587
 1114 3705 2587 2486
 1115 2576 2578 3448
 1116 3010 3237 2578
 1117 3448 2578 3237
 1118 3446 3011 2577
 1119 3010 2578 3011
 1120 2577 3011 2578
 1121 2211 2213  404
 1122 2526 3597 2213
 1123  404 2213 3597
 1124   15  417   16
 1125 3058 3605  417
 1126   16  417 3605
 1127   15  696  417
 1128 3409 3411  696
 1129  417  696 3411
 1130  502  505  503
 1131 3010 3425  505
 1132  503  505 3425
 1133 3667 2251 2220
 1134 2249 2252 2251
 1135 2220 2251 2252
 1136 2168 2252 2253
 1137 2249 3670 2252
 1138 2253 2252 3670
 1139 2225 2226 3672
 1140 2249 2251 2226
 1141 3672 2226 2251
 1142 2225 2182 2226
 1143 2180 3669 2182
 1144 2226 2182 3669
 1145 2304 2540 2173
 1146 2180 2174 2540
 1147 2173 2540 2174
 1148   91 2510 2532
 1149 2509 2033 2510
 1150 2532 2510 2033
 1151 2249 2553 3670
 1152 2133 2135 2553
 1153 3670 2553 2135
 1154 2018 3656 2170
 1155 3655 2171 3656
 1156 2170 3656 2171
 1157 2028 2030 3349
 1158 2509 2510 2030
 1159 3349 2030 2510
 1160 2526 2075 2528
 1161 2018 2020 2075
 1162 2528 2075 2020
 1163 2237 2543 2238
 1164 2195 2542 2543
 1165 2238 2543 2542
 1166 2627 2916 2303
 1167 2180 2540 2916
 1168 2303 2916 2540
 1169 3409 3597 3411
 1170 2526 2541 3597
 1171 3411 3597 2541
 1172 2159 2161 3663
 1173 2018 2075 2161
 1174 3663 2161 2075
 1175 3010 2542 3425
 1176 2195  335 2542
 1177 3425 2542  335
 1178 3655 3656 2160
 1179 2018 2161 3656
 1180 2160 3656 2161
 1181 2133 2553 2554
 1182 2249 3669 2553
 1183 2554 2553 3669
 1184 1873 2539 3395
 1185 2050  163 2539
 1186 3395 2539  163
 1187 3661 2196 2559
 1188 2195 2109 2196
 1189 2559 2196 2109
 1190  312  315  313
 1191 1873 3395  315
 1192  313  315 3395
 1193 2050 2539 2137
 1194 1873 2691 2539
 1195 2137 2539 2691
 1196  463 3723 2902
 1197 3651 2903 3723
 1198 2902 3723 2903
 1199 2050 2137 2052
 1200 3651 2550 2137
 1201 2052 2137 2550
 1202 2586 2587 2454
 1203 3661 2559 2587
 1204 2454 2587 2559
 1205 2195 2196 2558
 1206 3661 2700 2196
 1207 2558 2196 2700
 1208 2580 2581 2582
 1209 2699 3703 2581
 1210 2582 2581 3703
 1211 2195 2558 1635
 1212 2699  415 2558
 1213 1635 2558  415
 1214 2353 2351 3686
 1215 2416 3261 2351
 1216 3686 2351 3261
 1217 3620 1825 3619
 1218 1823 1690 1825
 1219 3619 1825 1690
 1220 2416 3044 3261
 1221 1823 1825 3044
 1222 3261 3044 1825
 1223   87  345  343
 1224 1815 1622  345
 1225  343  345 1622
 1226 2611 2255 2639
 1227 1815 2091 2255
 1228 2639 2255 2091
 1229  534  537  535
 1230 3307 1656  537
 1231  535  537 1656
 1232  282  285  283
 1233 3307  705  285
 1234  283  285  705
 1235  575  578  576
 1236 1623 1658  578
 1237  576  578 1658
 1238  356  359  357
 1239 1623 3398  359
 1240  357  359 3398
 1241  616  619  617
 1242 1786 1663  619
 1243  617  619 1663
 1244  379  382  380
 1245 1786  741  382
 1246  380  382  741
 1247  662  665  663
 1248 1629 3450  665
 1249  663  665 3450
 1250  396  399  397
 1251 1629 2629  399
 1252  397  399 2629
 1253  813  816  814
 1254 2633 1691  816
 1255  814  816 1691
 1256  418  421  419
 1257 2633 3413  421
 1258  419  421 3413
 1259  142  143  140
 1260 3363 2612  143
 1261  140  143 2612
 1262 2611 2612 2255
 1263 3363 2935 2612
 1264 2255 2612 2935
 1265 3307 3582  705
 1266 3363  143 3582
 1267  705 3582  143
 1268  193  196  194
 1269 1603 1613  196
 1270  194  196 1613
 1271  282 1613  285
 1272 1603 3308 1613
 1273  285 1613 3308
 1274 1623 1605 3398
 1275 1603  196 1605
 1276 3398 1605  196
 1277  230  233  231
 1278 3362 3382  233
 1279  231  233 3382
 1280  356 3382  359
 1281 3362 1624 3382
 1282  359 3382 1624
 1283 1786 3586  741
 1284 3362  233 3586
 1285  741 3586  233
 1286  308  311  309
 1287 3394 1625  311
 1288  309  311 1625
 1289  379 1625  382
 1290 3394 1787 1625
 1291  382 1625 1787
 1292 1629  583 2629
 1293 3394  311  583
 1294 2629  583  311
 1295  365  368  366
 1296 1680 3400  368
 1297  366  368 3400
 1298  396 3400  399
 1299 1680 1630 3400
 1300  399 3400 1630
 1301 2633 1811 3413
 1302 1680  368 1811
 1303 3413 1811  368
 1304 1688 1790 3325
 1305   36  469 1790
 1306 3325 1790  469
 1307 2304 2302 2152
 1308 2460 3680 2302
 1309 2152 2302 3680
 1310 3608 3610 3609
 1311  388 1628 3610
 1312 3609 3610 1628
 1313 2460 2461 2462
 1314 3271 3695 2461
 1315 2462 2461 3695
 1316  189  192  190
 1317 3271 1627  192
 1318  190  192 1627
 1319 3069 2438 2442
 1320 2436 2437 2438
 1321 2442 2438 2437
 1322 3271 2464 3695
 1323 2436 2438 2464
 1324 3695 2464 2438
 1325  132  135  133
 1326 2436 1595  135
 1327  133  135 1595
 1328  152  155  153
 1329 2635 3366  155
 1330  153  155 3366
 1331 2353 3691 2351
 1332 2635 2417 3691
 1333 2351 3691 2417
 1334  185  188  186
 1335 1726  179  188
 1336  186  188  179
 1337 2416 3043 3044
 1338 1726 1728 3043
 1339 3044 3043 1728
 1340  838  841  839
 1341 2814 3388  841
 1342  839  841 3388
 1343   36   37   38
 1344 3326 3329   37
 1345   38   37 3329
 1346  842  844  845
 1347 1683 1789  844
 1348  845  844 1789
 1349 1823  837 1690
 1350   32 1776  837
 1351 1690  837 1776
 1352 2905 3365  859
 1353   79  469 3365
 1354  859 3365  469
 1355 2905  151 3365
 1356  148  150  151
 1357 3365  151  150
 1358 2589   89   73
 1359   87   88   89
 1360   73   89   88
 1361   83   84   85
 1362 3341 3342   84
 1363   85   84 3342
 1364 3341 2091 3342
 1365 1815 1817 2091
 1366 3342 2091 1817
 1367  678  681  679
 1368 3363 3453  681
 1369  679  681 3453
 1370  678 1622  681
 1371 1815 2935 1622
 1372  681 1622 2935
 1373  708  711  709
 1374 1603 2620  711
 1375  709  711 2620
 1376  735  738  736
 1377 3362 1679  738
 1378  736  738 1679
 1379  735 1658  738
 1380 1623 1624 1658
 1381  738 1658 1624
 1382 3362 3586 1679
 1383 1786  619 3586
 1384 1679 3586  619
 1385 1688 1776 1790
 1386   32   34 1776
 1387 1790 1776   34
 1388   32  837  835
 1389 1823 2816  837
 1390  835  837 2816
 1391  761  764  762
 1392 3394 3465  764
 1393  762  764 3465
 1394  761 1663  764
 1395 1786 1787 1663
 1396  764 1663 1787
 1397 3394  583 3465
 1398 1629  665  583
 1399 3465  583  665
 1400  793  796  794
 1401 1680 3471  796
 1402  794  796 3471
 1403  793 3450  796
 1404 1629 1630 3450
 1405  796 3450 1630
 1406 3326   37   33
 1407   36   34   37
 1408   33   37   34
 1409 3307 3308 1656
 1410 1603  711 3308
 1411 1656 3308  711
 1412 1603 1605 2620
 1413 1623  578 1605
 1414 2620 1605  578
 1415 2589 1817   89
 1416 1815  345 1817
 1417   89 1817  345
 1418 2814 3585 3388
 1419  185 3587 3585
 1420 3388 3585 3587
 1421 3363 3582 3453
 1422 3307  537 3582
 1423 3453 3582  537
 1424 2814 1727 3585
 1425 1726  188 1727
 1426 3585 1727  188
 1427 1680 1811 3471
 1428 2633  816 1811
 1429 3471 1811  816
 1430  189 1595  192
 1431 2436 2464 1595
 1432  192 1595 2464
 1433  388 1627 1628
 1434 3271 3297 1627
 1435 1628 1627 3297
 1436  132 3366  135
 1437 2635 2440 3366
 1438  135 3366 2440
 1439 2436 2440 2437
 1440 2635 3691 2440
 1441 2437 2440 3691
 1442  176  179  177
 1443 1726 3371  179
 1444  177  179 3371
 1445 1683 1691 1789
 1446 2633 3617 1691
 1447 1789 1691 3617
 1448 1823 1728 2816
 1449 1726 1727 1728
 1450 2816 1728 1727
 1451  148  151  422
 1452 2905 2643  151
 1453  422  151 2643
 1454 2304 3297 2302
 1455 3271 2461 3297
 1456 2302 3297 2461
 1457 2905 3617 2643
 1458 2633  421 3617
 1459 2643 3617  421
 1460 1726 2636 3371
 1461 2635  155 2636
 1462 3371 2636  155
 1463 2635 2636 2417
 1464 1726 3043 2636
 1465 2417 2636 3043
 1466 2133 2922 2917
 1467  304 2915 2922
 1468 2917 2922 2915
 1469 3069 3070 2442
 1470 3380 2441 3070
 1471 2442 3070 2441
 1472 2353 2352 3686
 1473 2457 2575 2352
 1474 3686 2352 2575
 1475 3380 2458 2441
 1476 2457 2352 2458
 1477 2441 2458 2352
 1478  258  259 3438
 1479  201  205  259
 1480 3438  259  205
 1481 2761  216 2762
 1482  214  217  216
 1483 2762  216  217
 1484  201  302  205
 1485  214  216  302
 1486  205  302  216
 1487 2627 2628 2151
 1488  242 2153 2628
 1489 2151 2628 2153
 1490 2150 2153 3680
 1491  242 3317 2153
 1492 3680 2153 3317
 1493  304  244 2915
 1494  242 2628  244
 1495 2915  244 2628
 1496 2564 2429 2566
 1497  270 3637 2429
 1498 2566 2429 3637
 1499  214  316  217
 1500  270  271  316
 1501  217  316  271
 1502 3058 2561 3701
 1503 2560 2562 2561
 1504 3701 2561 2562
 1505 2460 2463 2462
 1506  286 3071 2463
 1507 2462 2463 3071
 1508 3069 3071 3070
 1509  286  287 3071
 1510 3070 3071  287
 1511  242  243 3317
 1512  286 2463  243
 1513 3317  243 2463
 1514  258  260  259
 1515  168  346  260
 1516  259  260  346
 1517  298  170  299
 1518  168  260  170
 1519  299  170  260
 1520 3620 1834 3619
 1521 2092 1689 1834
 1522 3619 1834 1689
 1523 1820 3268 1821
 1524  168  170 3268
 1525 1821 3268  170
 1526 3620 2575 1834
 1527 2457 1833 2575
 1528 1834 2575 1833
 1529 2560  272 2562
 1530  270 2429  272
 1531 2562  272 2429
 1532  156  271 2769
 1533  270  272  271
 1534 2769  271  272
 1535 2133 2136 2922
 1536 2430 2968 2136
 1537 2922 2136 2968
 1538 2480 2432 2134
 1539 2430 2136 2432
 1540 2134 2432 2136
 1541 2480 3637 2432
 1542  270 2431 3637
 1543 2432 3637 2431
 1544 1820 3706 3268
 1545  226  369 3706
 1546 3268 3706  369
 1547 3380  227 2458
 1548  226  228  227
 1549 2458  227  228
 1550 2092 1833 2093
 1551 2457 2604 1833
 1552 2093 1833 2604
 1553  226  338  369
 1554  336  371  338
 1555  369  338  371
 1556 3380  337  227
 1557  336  338  337
 1558  227  337  338
 1559  168  347  346
 1560 2665  303  347
 1561  346  347  303
 1562  201  303  302
 1563 2665  360  303
 1564  302  303  360
 1565  336  372  371
 1566 2665  347  372
 1567  371  372  347
 1568 2430  341 2968
 1569  340  342  341
 1570 2968  341  342
 1571  336 2669  372
 1572  340 2667 2669
 1573  372 2669 2667
 1574  304  306  244
 1575  286  243  306
 1576  244  306  243
 1577 1820 2604 3706
 1578 2457  228 2604
 1579 3706 2604  228
 1580  270  316 2431
 1581  214  317  316
 1582 2431  316  317
 1583 2430 2666  341
 1584 2665 2667 2666
 1585  341 2666 2667
 1586 3380  287  337
 1587  286  288  287
 1588  337  287  288
 1589  304  342  306
 1590  340 2770  342
 1591  306  342 2770
 1592  214  360  317
 1593 2665 2666  360
 1594  317  360 2666
 1595  286 2770  288
 1596  340 2669 2770
 1597  288 2770 2669
 1598  880  798  766
 1599  797  767  798
 1600  766  798  767
 1601 2686  805  778
 1602  797  779  805
 1603  778  805  779
 1604 2694  825  810
 1605  824  811  825
 1606  810  825  811
 1607  829 1478  818
 1608  824  819 1478
 1609  818 1478  819
 1610 2404  506 2405
 1611  263  265  506
 1612 2405  506  265
 1613   91   92   93
 1614  234 3343   92
 1615   93   92 3343
 1616  765  791 2684
 1617 3283  264  791
 1618 2684  791  264
 1619  797  806  767
 1620 3283  791  806
 1621  767  806  791
 1622  809 2682 3712
 1623 2680 2681 2682
 1624 3712 2682 2681
 1625  880 2681  798
 1626 2680  799 2681
 1627  798 2681  799
 1628  824 3569  811
 1629 2680 2682 3569
 1630  811 3569 2682
 1631  294  887 2685
 1632 1053 3048  887
 1633 2685  887 3048
 1634 1165 1167  861
 1635 1053  862 1167
 1636  861 1167  862
 1637 2589 3023   85
 1638 1614   86 3023
 1639   85 3023   86
 1640  860 3115  279
 1641 3116  280 3115
 1642  279 3115  280
 1643   71   72   73
 1644  278 2590   72
 1645   73   72 2590
 1646 1614 3023 1616
 1647 2589 2591 3023
 1648 1616 3023 2591
 1649  319  321 2687
 1650 3283 2688  321
 1651 2687  321 2688
 1652  777  803 3728
 1653 2680  848  803
 1654 3728  803  848
 1655  847  848  849
 1656 2680  832  848
 1657  849  848  832
 1658  817  833 1166
 1659 1053 1167  833
 1660 1166  833 1167
 1661  278  280 2590
 1662 3116 2591  280
 1663 2590  280 2591
 1664  829  832 1478
 1665 2680 3569  832
 1666 1478  832 3569
 1667 1053 1693  862
 1668 3116 3115 1693
 1669  862 1693 3115
 1670 3116  296 1616
 1671  294  295  296
 1672 1616  296  295
 1673  777  779  803
 1674  797  799  779
 1675  803  779  799
 1676  234  236  320
 1677 3283  321  236
 1678  320  236  321
 1679 1053  826 3048
 1680  824  825  826
 1681 3048  826  825
 1682  263  264  265
 1683 3283 3386  264
 1684  265  264 3386
 1685 2686 2688  805
 1686 3283  806 2688
 1687  805 2688  806
 1688   91 3386   92
 1689 3283  236 3386
 1690   92 3386  236
 1691  294  296  887
 1692 3116 1693  296
 1693  887  296 1693
 1694  817  819  833
 1695  824  826  819
 1696  833  819  826
 1697 2032 2390 2034
 1698  930 2391 2390
 1699 2034 2390 2391
 1700 2040  386 2044
 1701  384 2397  386
 1702 2044  386 2397
 1703  930  385 2391
 1704  384  386  385
 1705 2391  385  386
 1706 3408  402 3642
 1707  400 3232  402
 1708 3642  402 3232
 1709  384  401 2397
 1710  400  402  401
 1711 2397  401  402
 1712 2549 1649 3592
 1713  969  465 1649
 1714 3592 1649  465
 1715  463  465  464
 1716  969  888  465
 1717  464  465  888
 1718  400  968 3232
 1719  969 1649  968
 1720 3232  968 1649
 1721  880  881  766
 1722 2810  768  881
 1723  766  881  768
 1724 2694 2695  810
 1725  658  812 2695
 1726  810 2695  812
 1727 1614 1617  295
 1728 1098  297 1617
 1729  295 1617  297
 1730 1820   96 2093
 1731   95   97   96
 1732 2093   96   97
 1733  258 3047  299
 1734 2840 3046 3047
 1735  299 3047 3046
 1736  156  495 2762
 1737  494  496  495
 1738 2762  495  496
 1739  142 1747  140
 1740  688  689 1747
 1741  140 1747  689
 1742  193  195  194
 1743 1674  717  195
 1744  194  195  717
 1745  230  232  231
 1746  731  732  232
 1747  231  232  732
 1748  308  310  309
 1749 2805  744  310
 1750  309  310  744
 1751  365  367  366
 1752  757  758  367
 1753  366  367  758
 1754  148  423  422
 1755 1646 2642  423
 1756  422  423 2642
 1757 2586  627 2454
 1758  624 2453  627
 1759 2454  627 2453
 1760 2718  626 2719
 1761  624  627  626
 1762 2719  626  627
 1763 2108  487 2110
 1764  485 2422  487
 1765 2110  487 2422
 1766  624  486 2453
 1767  485  487  486
 1768 2453  486  487
 1769 2237  500 2239
 1770  498 2447  500
 1771 2239  500 2447
 1772  485  499 2422
 1773  498  500  499
 1774 2422  499  500
 1775 3446  630 2577
 1776  628 2471  630
 1777 2577  630 2471
 1778  498  629 2447
 1779  628  630  629
 1780 2447  629  630
 1781 2576 1754 3607
 1782  222  223 1754
 1783 3607 1754  223
 1784  628  640 2471
 1785  222 1754  640
 1786 2471  640 1754
 1787  953  955  954
 1788  958  959  955
 1789  954  955  959
 1790 2084 3499 3716
 1791 2870  383 3499
 1792 3716 3499  383
 1793 2404 2631 2630
 1794  436  437 2631
 1795 2630 2631  437
 1796 2032  437 2390
 1797  436  438  437
 1798 2390  437  438
 1799  263  507  506
 1800  436 2631  507
 1801  506  507 2631
 1802  969 3487  888
 1803 2632  890 3487
 1804  888 3487  890
 1805 2632  970  890
 1806  953 3715  970
 1807  890  970 3715
 1808  765  792 2684
 1809 2703  906  792
 1810 2684  792  906
 1811  263  906  507
 1812 2703 2702  906
 1813  507  906 2702
 1814 2810 3107  768
 1815 2703  792 3107
 1816  768 3107  792
 1817  809 2690 3712
 1818  884  882 2690
 1819 3712 2690  882
 1820  880  882  881
 1821  884 1033  882
 1822  881  882 1033
 1823  658  885  812
 1824  884 2690  885
 1825  812  885 2690
 1826  294 1045 2685
 1827  109 2696 1045
 1828 2685 1045 2696
 1829 2694 2696 2695
 1830  109 1002 2696
 1831 2695 2696 1002
 1832 1098  701  297
 1833  109 1045  701
 1834  297  701 1045
 1835   83   84   86
 1836 3341 2504   84
 1837   86   84 2504
 1838 3341 3699 2504
 1839 1098 1617 3699
 1840 2504 3699 1617
 1841 2092   82 1689
 1842   79 3325   82
 1843 1689   82 3325
 1844  298 1641 1821
 1845 1639 1774 1641
 1846 1821 1641 1774
 1847 1820 1774   96
 1848 1639 3336 1774
 1849   96 1774 3336
 1850 2840 2645 3046
 1851 1639 1641 2645
 1852 3046 2645 1641
 1853 2761  559 3438
 1854  558  560  559
 1855 3438  559  560
 1856  258  560 3047
 1857  558 2842  560
 1858 3047  560 2842
 1859  494  823  496
 1860  558  559  823
 1861  496  823  559
 1862 3058 1610 2561
 1863 1607 1608 1610
 1864 2561 1610 1608
 1865 1607  223 1608
 1866  222  224  223
 1867 1608  223  224
 1868 2611 2640 2639
 1869 1384 3080 2640
 1870 2639 2640 3080
 1871 3341 3080 3699
 1872 1384 1385 3080
 1873 3699 3080 1385
 1874  688  690  689
 1875 1384 2640  690
 1876  689  690 2640
 1877  282  284  283
 1878 3191  704  284
 1879  283  284  704
 1880 1674 3458  717
 1881 3191  284 3458
 1882  717 3458  284
 1883 3191 3505  704
 1884  688 1747 3505
 1885  704 3505 1747
 1886  356  358  357
 1887  727  728  358
 1888  357  358  728
 1889  193  728  195
 1890  727  729  728
 1891  195  728  729
 1892  731  733  732
 1893  727  358  733
 1894  732  733  358
 1895  379  381  380
 1896 3401  740  381
 1897  380  381  740
 1898 2805 3462  744
 1899 3401  381 3462
 1900  744 3462  381
 1901 3401 3508  740
 1902  731  232 3508
 1903  740 3508  232
 1904  396  398  397
 1905  749  751  398
 1906  397  398  751
 1907  757  759  758
 1908  749  398  759
 1909  758  759  398
 1910  418  420  419
 1911  635 3412  420
 1912  419  420 3412
 1913 1646 3650 2642
 1914  635  420 3650
 1915 2642 3650  420
 1916  635 3512 3412
 1917  757  367 3512
 1918 3412 3512  367
 1919 2870  373  383
 1920  523  352  373
 1921  383  373  352
 1922  545  973 3501
 1923  971  974  973
 1924 3501  973  974
 1925 2718  974  626
 1926  971  962  974
 1927  626  974  962
 1928  523 1138  352
 1929  971  973 1138
 1930  352 1138  973
 1931 2092   97   82
 1932   95   81   97
 1933   82   97   81
 1934  749  752  751
 1935 2805  310  752
 1936  751  752  310
 1937 2632 3500  970
 1938  958  955 3500
 1939  970 3500  955
 1940  384  901  401
 1941 1154 2828  901
 1942  401  901 2828
 1943  400 2827  968
 1944  963  964 2827
 1945  968 2827  964
 1946  969  964 3487
 1947  963  965  964
 1948 3487  964  965
 1949 1154 1156 2828
 1950  963 2827 1156
 1951 2828 1156 2827
 1952  749  994  752
 1953  993  995  994
 1954  752  994  995
 1955 2560  643 2769
 1956  642  644  643
 1957 2769  643  644
 1958  156  644  495
 1959  642 3526  644
 1960  495  644 3526
 1961  222 2736  224
 1962  642  643 2736
 1963  224 2736  643
 1964 1674 3525 3458
 1965 1115 1116 3525
 1966 3458 3525 1116
 1967 3191  985 3505
 1968  984  986  985
 1969 3505  985  986
 1970 1115 1117 1116
 1971  984  985 1117
 1972 1116 1117  985
 1973 3401 1009 3508
 1974 1008 1010 1009
 1975 3508 1009 1010
 1976 2870 3537  373
 1977 1147 1094 3537
 1978  373 3537 1094
 1979 1646 3415 3650
 1980 3101 3514 3415
 1981 3650 3415 3514
 1982  635 1041 3512
 1983 1040 1042 1041
 1984 3512 1041 1042
 1985 3101 3513 3514
 1986 1040 1041 3513
 1987 3514 3513 1041
 1988   79 3615  150
 1989 3416 2753 3615
 1990  150 3615 2753
 1991  148 2753  423
 1992 3416 3417 2753
 1993  423 2753 3417
 1994   95 1778   81
 1995 3416 3615 1778
 1996   81 1778 3615
 1997  485  981  499
 1998 1274 3504  981
 1999  499  981 3504
 2000  498  990  629
 2001  988  991  990
 2002  629  990  991
 2003 1274 3074 3504
 2004  988  990 3074
 2005 3504 3074  990
 2006  958  960  959
 2007 2870 3499  960
 2008  959  960 3499
 2009 2805 1058 3462
 2010 1057 1059 1058
 2011 3462 1058 1059
 2012 3401 1059 1009
 2013 1057 1135 1059
 2014 1009 1059 1135
 2015  993 1078  995
 2016 1057 1058 1078
 2017  995 1078 1058
 2018  384 1016  901
 2019 1015 1017 1016
 2020  901 1016 1017
 2021  930  931  385
 2022 1015 1016  931
 2023  385  931 1016
 2024  963 3533  965
 2025 1125 1127 3533
 2026  965 3533 1127
 2027  109 1141 1002
 2028 1305 1001 1141
 2029 1002 1141 1001
 2030 2840 3429 2645
 2031   62   63 3429
 2032 2645 3429   63
 2033  731 3519  733
 2034 1158 1065 3519
 2035  733 3519 1065
 2036 1008 1099 1010
 2037 1158 3519 1099
 2038 1010 1099 3519
 2039  984 1197  986
 2040  911  913 1197
 2041  986 1197  913
 2042  109 1142 1141
 2043  911 2855 1142
 2044 1141 1142 2855
 2045  757 1084  759
 2046 1083 1085 1084
 2047  759 1084 1085
 2048  749 1085  994
 2049 1083  997 1085
 2050  994 1085  997
 2051 1040 1114 1042
 2052 1083 1084 1114
 2053 1042 1114 1084
 2054 1147 1148 1094
 2055 2857 3536 1148
 2056 1094 1148 3536
 2057 1639   69 3336
 2058   28   70   69
 2059 3336   69   70
 2060   95   70 1778
 2061   28 3616   70
 2062 1778   70 3616
 2063   62   64   63
 2064   28   69   64
 2065   63   64   69
 2066  624 3509  486
 2067 2707 1014 3509
 2068  486 3509 1014
 2069  485 1014  981
 2070 2707 3132 1014
 2071  981 1014 3132
 2072  971 2708  962
 2073 2707 3509 2708
 2074  962 2708 3509
 2075 2840  516 3429
 2076  515  517  516
 2077 3429  516  517
 2078  558 1061 2842
 2079  515  516 1061
 2080 2842 1061  516
 2081  628 2939  640
 2082 1218 2940 2939
 2083  640 2939 2940
 2084  222 2940 2736
 2085 1218 2951 2940
 2086 2736 2940 2951
 2087  988 1137  991
 2088 1218 2939 1137
 2089  991 1137 2939
 2090  436 2702  438
 2091 2703  976 2702
 2092  438 2702  976
 2093  884 1034 1033
 2094 1121 1122 1034
 2095 1033 1034 1122
 2096 1674 1089 3525
 2097 1087 1105 1089
 2098 3525 1089 1105
 2099  727 3522  729
 2100 1087 1089 3522
 2101  729 3522 1089
 2102  658 1063  885
 2103  654 1169 1063
 2104  885 1063 1169
 2105  884 1169 1034
 2106  654 1170 1169
 2107 1034 1169 1170
 2108 1305 1130 1001
 2109  654 1063 1130
 2110 1001 1130 1063
 2111  963 2853 3533
 2112 1268 1129 2853
 2113 3533 2853 1129
 2114 1154 1157 1156
 2115 1268 2853 1157
 2116 1156 1157 2853
 2117  642 1106 3526
 2118 1079 1080 1106
 2119 3526 1106 1080
 2120 1218 1108 2951
 2121 1079 1106 1108
 2122 2951 1108 1106
 2123  688  913  690
 2124  911 1031  913
 2125  690  913 1031
 2126 1115 2164 1117
 2127 1454 1163 2164
 2128 1117 2164 1163
 2129  930  976  931
 2130 2703 2704  976
 2131  931  976 2704
 2132  984 1199 1197
 2133 1221 1222 1199
 2134 1197 1199 1222
 2135  911 1222 2855
 2136 1221 1223 1222
 2137 2855 1222 1223
 2138 1454 3547 1163
 2139 1221 1199 3547
 2140 1163 3547 1199
 2141 3416  444 3417
 2142  440  441  444
 2143 3417  444  441
 2144 1646  441 3415
 2145  440  442  441
 2146 3415  441  442
 2147   28   58 3616
 2148  440  444   58
 2149 3616   58  444
 2150 2857 1140 3536
 2151  971 1138 1140
 2152 3536 1140 1138
 2153 1384 1031 1385
 2154  911 1032 1031
 2155 1385 1031 1032
 2156  911 1142 1032
 2157  109  701 1142
 2158 1032 1142  701
 2159 1274 1275 3074
 2160 1256 2874 1275
 2161 3074 1275 2874
 2162 3101 1184 3513
 2163 1183 1185 1184
 2164 3513 1184 1185
 2165 1147 3556 1148
 2166 2880 2859 3556
 2167 1148 3556 2859
 2168 2870 1151 3537
 2169 1150 1152 1151
 2170 3537 1151 1152
 2171  958 1120  960
 2172 1150 1151 1120
 2173  960 1120 1151
 2174  958 1195 1120
 2175 1355 2865 1195
 2176 1120 1195 2865
 2177  494 1080  823
 2178 1079 1081 1080
 2179  823 1080 1081
 2180 2632 2712 3500
 2181 2711 1205 2712
 2182 3500 2712 1205
 2183  958 1205 1195
 2184 2711 2866 1205
 2185 1195 1205 2866
 2186 1125 1164 1127
 2187 2711 2712 1164
 2188 1127 1164 2712
 2189 1355 1320 2865
 2190  781 1321 1320
 2191 2865 1320 1321
 2192 1268 1269 1129
 2193 1290 1291 1269
 2194 1129 1269 1291
 2195  727 1065 3522
 2196 1158 1159 1065
 2197 3522 1065 1159
 2198 2810 3532 3107
 2199 1015 2704 3532
 2200 3107 3532 2704
 2201 2810 1122 3532
 2202 1121 1123 1122
 2203 3532 1122 1123
 2204 1115 3242 2164
 2205 3241 3243 3242
 2206 2164 3242 3243
 2207 1087 3158 1105
 2208 3241 3242 3158
 2209 1105 3158 3242
 2210 1274 1276 1275
 2211 2721 3554 1276
 2212 1275 1276 3554
 2213 2707 2723 3132
 2214 2721 1276 2723
 2215 3132 2723 1276
 2216 1040 2851 1114
 2217 1403 3722 2851
 2218 1114 2851 3722
 2219 1183 1278 1185
 2220 1403 2851 1278
 2221 1185 1278 2851
 2222 2857 3714 1140
 2223 2707 2708 3714
 2224 1140 3714 2708
 2225 1079 1171 1081
 2226  515 1061 1171
 2227 1081 1171 1061
 2228 1015 1207 1017
 2229 1395 1254 1207
 2230 1017 1207 1254
 2231 1154 1254 1157
 2232 1395 1396 1254
 2233 1157 1254 1396
 2234 1121 2877 1123
 2235 1395 1207 2877
 2236 1123 2877 1207
 2237 1121 1326 2877
 2238 1325 1327 1326
 2239 2877 1326 1327
 2240  654 2883 1170
 2241 1325 1326 2883
 2242 1170 2883 1326
 2243 2880 1319 2859
 2244 1315 1316 1319
 2245 2859 1319 1316
 2246 1150 1287 1152
 2247 1283 1284 1287
 2248 1152 1287 1284
 2249 1147 1284 3556
 2250 1283 1285 1284
 2251 3556 1284 1285
 2252  781 1336 1321
 2253 1283 1287 1336
 2254 1321 1336 1287
 2255 1083 1240  997
 2256 1239 1241 1240
 2257  997 1240 1241
 2258 1403 2872 3722
 2259 1239 1240 2872
 2260 3722 2872 1240
 2261 2711 1342 2866
 2262 1341 1343 1342
 2263 2866 1342 1343
 2264 1057 1243 1135
 2265 1311 1312 1243
 2266 1135 1243 1312
 2267  781  783 1336
 2268 1311 2890  783
 2269 1336  783 2890
 2270 1311 1313 1312
 2271 2875 1267 1313
 2272 1312 1313 1267
 2273 1008 1267 1099
 2274 2875 1339 1267
 2275 1099 1267 1339
 2276  781  784  783
 2277 2875 1313  784
 2278  783  784 1313
 2279 1218 1137 1108
 2280  988 3545 1137
 2281 1108 1137 3545
 2282  988 2874 3545
 2283 1256 1257 2874
 2284 3545 2874 1257
 2285 1158 1296 1159
 2286 1332 1333 1296
 2287 1159 1296 1333
 2288 1087 1333 3158
 2289 1332 1334 1333
 2290 3158 1333 1334
 2291 2875 3557 1339
 2292 1332 1296 3557
 2293 1339 3557 1296
 2294 1341 1354 1343
 2295 1350 1351 1354
 2296 1343 1354 1351
 2297 2875 1415 3557
 2298 1350 1444 1415
 2299 3557 1415 1444
 2300 1350 1352 1351
 2301  781 1320 1352
 2302 1351 1352 1320
 2303 1057 1246 1243
 2304 1244 1331 1246
 2305 1243 1246 1331
 2306 1311 1331 2890
 2307 1244 1467 1331
 2308 2890 1331 1467
 2309  993 1245 1078
 2310 1244 1246 1245
 2311 1078 1245 1246
 2312  993 1241 1245
 2313 1239 1308 1241
 2314 1245 1241 1308
 2315 3101 1301 1184
 2316 1300 1302 1301
 2317 1184 1301 1302
 2318  440  706  442
 2319 1300 1301  706
 2320  442  706 1301
 2321 2880 3564 1319
 2322 1418 3568 3564
 2323 1319 3564 3568
 2324 1403 1419 2872
 2325 1418 1420 1419
 2326 2872 1419 1420
 2327 2857 2722 3714
 2328 2721 2723 2722
 2329 3714 2722 2723
 2330 2857 1316 2722
 2331 1315 1317 1316
 2332 2722 1316 1317
 2333 1350 1415 1352
 2334 2875  784 1415
 2335 1352 1415  784
 2336 1125 1291 1164
 2337 1290 1292 1291
 2338 1164 1291 1292
 2339 1305 1306 1130
 2340 1366 1367 1306
 2341 1130 1306 1367
 2342  654 1367 2883
 2343 1366 1368 1367
 2344 2883 1367 1368
 2345 1221 1310 1223
 2346 1366 1306 1310
 2347 1223 1310 1306
 2348 1454 2725 3547
 2349 1366 1310 2725
 2350 3547 2725 1310
 2351   62 2421   64
 2352  440   58 2421
 2353   64 2421   58
 2354   62 3692 2421
 2355 1300  706 3692
 2356 2421 3692  706
 2357   62 3470 3692
 2358 1483 1477 3470
 2359 3692 3470 1477
 2360  515  789  517
 2361 1483 3470  789
 2362  517  789 3470
 2363 1079 1324 1171
 2364 2376 1413 1324
 2365 1171 1324 1413
 2366  515 1413  789
 2367 2376 1485 1413
 2368  789 1413 1485
 2369 1256 1340 1257
 2370 2376 1324 1340
 2371 1257 1340 1324
 2372 1418 1472 3568
 2373 1471 1468 1472
 2374 3568 1472 1468
 2375 1403 1405 1419
 2376 1471 1472 1405
 2377 1419 1405 1472
 2378 2721 1393 3554
 2379 1391 1394 1393
 2380 3554 1393 1394
 2381 1256 1394 1340
 2382 1391 2959 1394
 2383 1340 1394 2959
 2384 1315 1425 1317
 2385 1391 1393 1425
 2386 1317 1425 1393
 2387 1315 1468 1425
 2388 1471 1470 1468
 2389 1425 1468 1470
 2390 2711 1292 1342
 2391 1290 1345 1292
 2392 1342 1292 1345
 2393 1290 1429 1345
 2394 1428 1430 1429
 2395 1345 1429 1430
 2396 3241 3166 3243
 2397 1428 1455 3166
 2398 3243 3166 1455
 2399 1395 1397 1396
 2400 1380 1381 1397
 2401 1396 1397 1381
 2402 1268 1381 1269
 2403 1380 1382 1381
 2404 1269 1381 1382
 2405 1325 1435 1327
 2406 1380 1397 1435
 2407 1327 1435 1397
 2408 1341 1443 1354
 2409 1332 1444 1443
 2410 1354 1443 1444
 2411 1183 2895 1278
 2412 1471 1405 2895
 2413 1278 2895 1405
 2414 1183 1458 2895
 2415 1488 1492 1458
 2416 2895 1458 1492
 2417 1471 1492 1470
 2418 1488 1489 1492
 2419 1470 1492 1489
 2420 1300 1441 1302
 2421 1488 1458 1441
 2422 1302 1441 1458
 2423 1418 1452 1420
 2424 1450 3172 1452
 2425 1420 1452 3172
 2426 1239 3172 1308
 2427 1450 3567 3172
 2428 1308 3172 3567
 2429 2880 1451 3564
 2430 1450 1452 1451
 2431 3564 1451 1452
 2432 1300 1477 1441
 2433 1483 1484 1477
 2434 1441 1477 1484
 2435 1290 1382 1429
 2436 1380 3565 1382
 2437 1429 1382 3565
 2438 1380 1431 3565
 2439 1454 1455 1431
 2440 3565 1431 1455
 2441 1332 1446 1334
 2442 1428 3166 1446
 2443 1334 1446 3166
 2444 1332 1443 1446
 2445 1341 1430 1443
 2446 1446 1443 1430
 2447 1483 1485 1484
 2448 2376 1490 1485
 2449 1484 1485 1490
 2450 2376 2959 1490
 2451 1391 1489 2959
 2452 1490 2959 1489
 2453 1325 1368 1435
 2454 1366 1432 1368
 2455 1435 1368 1432
 2456 1454 1431 2725
 2457 1380 1432 1431
 2458 2725 1431 1432
 2459 2880 1285 1451
 2460 1283 1422 1285
 2461 1451 1285 1422
 2462 1283 1467 1422
 2463 1244 3567 1467
 2464 1422 1467 3567
 2465 1187 1189 1505
 2466 1534 1536 1189
 2467 1505 1189 1536
 2468  876  879  877
 2469 1696 1694  879
 2470  877  879 1694
 2471 3578 3724 2914
 2472 1885 2913 3724
 2473 2914 3724 2913
 2474 1524 1525 1526
 2475  327 1555 1525
 2476 1526 1525 1555
 2477 1528 1529 1530
 2478 1571 1564 1529
 2479 1530 1529 1564
 2480 2028 2031 2029
 2481  925  927 2031
 2482 2029 2031  927
 2483 1591 1592  129
 2484  934  130 1592
 2485  129 1592  130
 2486  925  926  927
 2487  934 1592  926
 2488  927  926 1592
 2489  128  940  161
 2490  938  162  940
 2491  161  940  162
 2492  934  935  130
 2493  938  940  935
 2494  130  935  940
 2495  160  950  313
 2496  948  314  950
 2497  313  950  314
 2498  312  314 3603
 2499  948 1581  314
 2500 3603  314 1581
 2501  938  944  162
 2502  948  950  944
 2503  162  944  950
 2504  678 1173  343
 2505 1023  344 1173
 2506  343 1173  344
 2507  708 1175  535
 2508 1180  536 1175
 2509  535 1175  536
 2510  735 1196  576
 2511  136  577 1196
 2512  576 1196  577
 2513  761 1216  617
 2514 1210  618 1216
 2515  617 1216  618
 2516  793 2626  663
 2517 1232  664 2626
 2518  663 2626  664
 2519 2686 2689 2687
 2520 3204 3419 2689
 2521 2687 2689 3419
 2522  847 3630 3728
 2523 3456  804 3630
 2524 3728 3630  804
 2525  817  820  818
 2526 1733 1687  820
 2527  818  820 1687
 2528  860  863  861
 2529 1923 1168  863
 2530  861  863 1168
 2531 2738 1745 1569
 2532 1743 1570 1745
 2533 1569 1745 1570
 2534 3369 3717 2739
 2535 1862 2740 3717
 2536 2739 3717 2740
 2537 1601 2742 2743
 2538 1577 3217 2742
 2539 2743 2742 3217
 2540 2580 2584  413
 2541 2715  414 2584
 2542  413 2584  414
 2543 1567 2716 3710
 2544 2715 2584 2716
 2545 3710 2716 2584
 2546  412 1888  333
 2547 1720  334 1888
 2548  333 1888  334
 2549 2715 2844  414
 2550 1720 1888 2844
 2551  414 2844 1888
 2552  838  839  840
 2553 3390 3389  839
 2554  840  839 3389
 2555 1358  276 1359
 2556  274  952  276
 2557 1359  276  952
 2558 1358 3389  276
 2559 3390  277 3389
 2560  276 3389  277
 2561 3497 2730 3700
 2562 2728 2729 2730
 2563 3700 2730 2729
 2564 1406  599 1407
 2565  598  943  599
 2566 1407  599  943
 2567 1406 2729  599
 2568 2728  600 2729
 2569  599 2729  600
 2570  598  942  943
 2571  481 1347  942
 2572  943  942 1347
 2573 1346 1347 1348
 2574  481 3492 1347
 2575 1348 1347 3492
 2576  922  923 1361
 2577 3422 3427  923
 2578 1361  923 3427
 2579  922 3492  923
 2580  481  483 3492
 2581  923 3492  483
 2582 1362 1363 1364
 2583  445  910 1363
 2584 1364 1363  910
 2585  907 1370 1371
 2586  902  904 1370
 2587 1371 1370  904
 2588  907  910 1370
 2589  445  447  910
 2590 1370  910  447
 2591  902  903  904
 2592  432 1374  903
 2593  904  903 1374
 2594 1373 1374 1375
 2595  432  895 1374
 2596 1375 1374  895
 2597  892 1698 1377
 2598  489 1378 1698
 2599 1377 1698 1378
 2600  892  895 1698
 2601  432  434  895
 2602 1698  895  434
 2603  455  456  457
 2604 3279 3420  456
 2605  457  456 3420
 2606  274  590  952
 2607 2728 2730  590
 2608  952  590 2730
 2609 3328 3331 3327
 2610 3330 3329 3331
 2611 3327 3331 3329
 2612 3351 2499 3719
 2613 2496 3333 2499
 2614 3719 2499 3333
 2615 3330 3331 3332
 2616 3328 3333 3331
 2617 3332 3331 3333
 2618  113   44  114
 2619   41 3350   44
 2620  114   44 3350
 2621  113 1005 1797
 2622 1004 1706 1005
 2623 1797 1005 1706
 2624 1828 1801 1830
 2625 3507 1803 1801
 2626 1830 1801 1803
 2627 3507 1801 1006
 2628 1828 1725 1801
 2629 1006 1801 1725
 2630 1839 1843 1830
 2631 2515 1831 1843
 2632 1830 1843 1831
 2633 2515 1843 2517
 2634 1839 3721 1843
 2635 2517 1843 3721
 2636 1880 1882 1883
 2637 2571 3626 1882
 2638 1883 1882 3626
 2639 2571 1882 2517
 2640 1880 2518 1882
 2641 2517 1882 2518
 2642 3627 2488 1883
 2643  745 2487 2488
 2644 1883 2488 2487
 2645  745 2488  748
 2646 3627 3276 2488
 2647  748 2488 3276
 2648 3352  975 3503
 2649  745  748  975
 2650 3503  975  748
 2651  116   99  117
 2652   98 1295   99
 2653  117   99 1295
 2654  745  975 1294
 2655 3352 1295  975
 2656 1294  975 1295
 2657  100   61 3338
 2658   59   60   61
 2659 3338   61   60
 2660 2496 2499 2497
 2661 3351 3350 2499
 2662 2497 2499 3350
 2663  753  756  754
 2664 3463  843  756
 2665  754  756  843
 2666  842  843  844
 2667 3463 1685  843
 2668  844  843 1685
 2669 1534 1535 1536
 2670 3463  756 1535
 2671 1536 1535  756
 2672 3484 3482 3485
 2673 1539 3483 3482
 2674 3485 3482 3483
 2675 1187 3483 1189
 2676 1539 1962 3483
 2677 1189 3483 1962
 2678 1696 1541 1694
 2679 1539 3482 1541
 2680 1694 1541 3482
 2681 1544 1545 1546
 2682 1548 2911 1545
 2683 1546 1545 2911
 2684  876 2911  879
 2685 1548 1849 2911
 2686  879 2911 1849
 2687 1885 1549 2913
 2688 1548 1545 1549
 2689 2913 1549 1545
 2690 1551 1552 1553
 2691 1855 2909 1552
 2692 1553 1552 2909
 2693 3578 2909 3724
 2694 1855 1857 2909
 2695 3724 2909 1857
 2696  327 1890 1555
 2697 1855 1552 1890
 2698 1555 1890 1552
 2699 1563 1565 1931
 2700 1877 3572 1565
 2701 1931 1565 3572
 2702 1524 3572 1525
 2703 1877 3301 3572
 2704 1525 3572 3301
 2705 1571 1878 1564
 2706 1877 1565 1878
 2707 1564 1878 1565
 2708  408  411  409
 2709  915 3410  411
 2710  409  411 3410
 2711 1528 3410 1529
 2712  915 1572 3410
 2713 1529 3410 1572
 2714  502  542  543
 2715  915  411  542
 2716  543  542  411
 2717  104  106  105
 2718 1028 1030  106
 2719  105  106 1030
 2720 2028 1030 2031
 2721 1028 2646 1030
 2722 2031 1030 2646
 2723  234 2505 3343
 2724 1028  106 2505
 2725 3343 2505  106
 2726  708  710 1175
 2727 1709 1712  710
 2728 1175  710 1712
 2729  575 2621  709
 2730 1709  710 2621
 2731  709 2621  710
 2732   98   99 3320
 2733  116   60   99
 2734 3320   99   60
 2735   59   61 3348
 2736  100  102   61
 2737 3348   61  102
 2738   87   90   88
 2739 3340   74   90
 2740   88   90   74
 2741   71   74   72
 2742 3340 3339   74
 2743   72   74 3339
 2744 1023 1025  344
 2745 3340   90 1025
 2746  344 1025   90
 2747  534 1668  679
 2748 1176  680 1668
 2749  679 1668  680
 2750  678  680 1173
 2751 1176 1707  680
 2752 1173  680 1707
 2753 1180 1178  536
 2754 1176 1668 1178
 2755  536 1178 1668
 2756  136 2795  577
 2757 1709 2621 2795
 2758  577 2795 2621
 2759  616 1678  736
 2760 1213  737 1678
 2761  736 1678  737
 2762  735  737 1196
 2763 1213 1714  737
 2764 1196  737 1714
 2765 1210 1211  618
 2766 1213 1678 1211
 2767  618 1211 1678
 2768  662 3464  762
 2769 1716  763 3464
 2770  762 3464  763
 2771  761  763 1216
 2772 1716 1717  763
 2773 1216  763 1717
 2774 1232 1667  664
 2775 1716 3464 1667
 2776  664 1667 3464
 2777 1683 1686  814
 2778 1236  815 1686
 2779  814 1686  815
 2780 3463 3598 1685
 2781 1236 1686 3598
 2782 1685 3598 1686
 2783  319  322  320
 2784 1019  237  322
 2785  320  322  237
 2786  234  237 2505
 2787 1019 1022  237
 2788 2505  237 1022
 2789 3204 2779 3419
 2790 1019  322 2779
 2791 3419 2779  322
 2792  777  780  778
 2793 1898 2732  780
 2794  778  780 2732
 2795 2686 2732 2689
 2796 1898 1900 2732
 2797 2689 2732 1900
 2798 3456 2568  804
 2799 1898  780 2568
 2800  804 2568  780
 2801  829  831  849
 2802 1998  850  831
 2803  849  831  850
 2804  847  850 3630
 2805 1998 3206  850
 2806 3630  850 3206
 2807 1733 1735 1687
 2808 1998  831 1735
 2809 1687 1735  831
 2810 1165 3538 1166
 2811 1201 3539 3538
 2812 1166 3538 3539
 2813  817 3539  820
 2814 1201 1908 3539
 2815  820 3539 1908
 2816 1923 1925 1168
 2817 1201 3538 1925
 2818 1168 1925 3538
 2819 1743 1852 1570
 2820 2715 2716 1852
 2821 1570 1852 2716
 2822  278  281  279
 2823  650 3391  281
 2824  279  281 3391
 2825  860 3391  863
 2826  650 1920 3391
 2827  863 3391 1920
 2828 3340  653 3339
 2829  650  281  653
 2830 3339  653  281
 2831 2616 3420 2618
 2832 3279 3707 3420
 2833 2618 3420 3707
 2834 1580 1582 1805
 2835 2002 1748 1582
 2836 1805 1582 1748
 2837  948 1742 1581
 2838 2002 1582 1742
 2839 1581 1742 1582
 2840 3279  456  490
 2841  455 1378  456
 2842  490  456 1378
 2843  445 1363 3428
 2844 1362 3427 1363
 2845 3428 1363 3427
 2846  332 1145  503
 2847 1143  504 1145
 2848  503 1145  504
 2849  502  504  542
 2850 1143 3551  504
 2851  542  504 3551
 2852 1720 1146  334
 2853 1143 1145 1146
 2854  334 1146 1145
 2855 1601 1602 2742
 2856 1749 1751 1602
 2857 2742 1602 1751
 2858 2002 2004 1748
 2859 1749 1602 2004
 2860 1748 2004 1602
 2861  934  937  935
 2862 1892 1894  937
 2863  935  937 1894
 2864  938  947  944
 2865 2977 1741  947
 2866  944  947 1741
 2867 1892 1893 1894
 2868 2977  947 1893
 2869 1894 1893  947
 2870  136 1905 2795
 2871 1949 1951 1905
 2872 2795 1905 1951
 2873 1236  795  815
 2874  793  794  795
 2875  815  795  794
 2876 1709 1711 1712
 2877 1910 1912 1711
 2878 1712 1711 1912
 2879 1949 1950 1951
 2880 1910 1711 1950
 2881 1951 1950 1711
 2882 1862 1746 2740
 2883 1743 1745 1746
 2884 2740 1746 1745
 2885 1577 1578 3217
 2886 1862 3717 1578
 2887 3217 1578 3717
 2888  948 1741 1742
 2889 2977 3604 1741
 2890 1742 1741 3604
 2891 2715 2843 2844
 2892 2014 3593 2843
 2893 2844 2843 3593
 2894 1743 1851 1852
 2895 2014 2843 1851
 2896 1852 1851 2843
 2897 1548 1848 1849
 2898 2037 1866 1848
 2899 1849 1848 1866
 2900 1855 1856 1857
 2901 2080 2491 1856
 2902 1857 1856 2491
 2903 1877 2964 3301
 2904 2991 1913 2964
 2905 3301 2964 1913
 2906  915 1884 1572
 2907 1954 3624 1884
 2908 1572 1884 3624
 2909 1143 1917 3551
 2910 1954 1884 1917
 2911 3551 1917 1884
 2912  136 1715 1905
 2913 2139 2024 1715
 2914 1905 1715 2024
 2915 1213 3600 1714
 2916 2139 1715 3600
 2917 1714 3600 1715
 2918 1534 1846 1535
 2919 1236 3598 1846
 2920 1535 1846 3598
 2921 1023 1024 1025
 2922  650  653 1024
 2923 1025 1024  653
 2924 1236 1234  795
 2925 1232 2626 1234
 2926  795 1234 2626
 2927 1716 1719 1717
 2928 1935 2956 1719
 2929 1717 1719 2956
 2930 1898 1899 1900
 2931 1631 3203 1899
 2932 1900 1899 3203
 2933 3204 3205 2779
 2934 1941 1943 3205
 2935 2779 3205 1943
 2936 1631 1634 3203
 2937 1941 3205 1634
 2938 3203 1634 3205
 2939 1696 1865 1541
 2940 1979 1977 1865
 2941 1541 1865 1977
 2942 2037 2039 1866
 2943 1979 1865 2039
 2944 1866 2039 1865
 2945 1998 2000 3206
 2946 1991 1992 2000
 2947 3206 2000 1992
 2948 1201 1677 1908
 2949 3234 3629 1677
 2950 1908 1677 3629
 2951 1180 1181 1178
 2952 2062 2861 1181
 2953 1178 1181 2861
 2954 1910 1911 1912
 2955 2062 1181 1911
 2956 1912 1911 1181
 2957 1749 3211 1751
 2958 1964 1928 3211
 2959 1751 3211 1928
 2960 1862 3622 1746
 2961 3220 1871 3622
 2962 1746 3622 1871
 2963 1862 1864 3622
 2964 2383 3138 1864
 2965 3622 1864 3138
 2966 1028 1022 2646
 2967 1019 1021 1022
 2968 2646 1022 1021
 2969 1539 3633 1962
 2970 2010 1963 3633
 2971 1962 3633 1963
 2972 1979 1980 1977
 2973 2010 3633 1980
 2974 1977 1980 3633
 2975 1885 1886 1549
 2976 2058 1974 1886
 2977 1549 1886 1974
 2978 1548 1974 1848
 2979 2058 3528 1974
 2980 1848 1974 3528
 2981 2080 2082 2491
 2982 2058 1886 2082
 2983 2491 2082 1886
 2984  327 1889 1890
 2985 2962 1976 1889
 2986 1890 1889 1976
 2987 1855 1976 1856
 2988 2962 3634 1976
 2989 1856 1976 3634
 2990 2991 2673 1913
 2991 2962 1889 2673
 2992 1913 2673 1889
 2993 3456 3311 2568
 2994 3222 3224 3311
 2995 2568 3311 3224
 2996 1898 3224 1899
 2997 3222 3223 3224
 2998 1899 3224 3223
 2999 1991 2113 1992
 3000 3222 3311 2113
 3001 1992 2113 3311
 3002 1534 1963 1846
 3003 2010 2012 1963
 3004 1846 1963 2012
 3005 1023 1027 1024
 3006 2147 1919 1027
 3007 1024 1027 1919
 3008 1176 1904 1707
 3009 2147 1027 1904
 3010 1707 1904 1027
 3011 1733 1734 1735
 3012 1945 1999 1734
 3013 1735 1734 1999
 3014 1998 1999 2000
 3015 1945 2089 1999
 3016 2000 1999 2089
 3017 3234 1947 3629
 3018 1945 1734 1947
 3019 3629 1947 1734
 3020 1577 1579 1578
 3021 2807 1863 1579
 3022 1578 1579 1863
 3023 1862 1863 1864
 3024 2807 2975 1863
 3025 1864 1863 2975
 3026 1964 1965 1928
 3027 2807 1579 1965
 3028 1928 1965 1579
 3029 1954 1879 3624
 3030 1877 1878 1879
 3031 3624 1879 1878
 3032 1201 1204 1677
 3033 1968 3544 1204
 3034 1677 1204 3544
 3035 1923 1924 1925
 3036 1968 1204 1924
 3037 1925 1924 1204
 3038 1716 1985 1719
 3039 1983 1984 1985
 3040 1719 1985 1984
 3041 1232 1972 1667
 3042 1983 1985 1972
 3043 1667 1972 1985
 3044 1232 1971 1972
 3045 2545 2547 1971
 3046 1972 1971 2547
 3047 1979 2115 1980
 3048 2545 2011 2115
 3049 1980 2115 2011
 3050 1210 3542 1211
 3051 1987 1215 3542
 3052 1211 3542 1215
 3053 1213 1215 3600
 3054 1987 1988 1215
 3055 3600 1215 1988
 3056 1935 1938 2956
 3057 1987 3542 1938
 3058 2956 1938 3542
 3059 1949 3636 1950
 3060 2096 2008 3636
 3061 1950 3636 2008
 3062 2010 2011 2012
 3063 2545 1237 2011
 3064 2012 2011 1237
 3065 1236 1237 1234
 3066 2545 1971 1237
 3067 1234 1237 1971
 3068 1749 2022 3211
 3069  428 2023 2022
 3070 3211 2022 2023
 3071 2383 2988 3138
 3072 2104 2106 2988
 3073 3138 2988 2106
 3074 1743 1854 1851
 3075 2143 2015 1854
 3076 1851 1854 2015
 3077 3220 3218 1871
 3078 2143 1854 3218
 3079 1871 3218 1854
 3080 1019 1943 1021
 3081 1941 1942 1943
 3082 1021 1943 1942
 3083 1720 3298 1146
 3084 1954 1917 3298
 3085 1146 3298 1917
 3086 1720 3593 3298
 3087 2014 2973 3593
 3088 3298 3593 2973
 3089 1892 1896 1893
 3090 2065 2067 1896
 3091 1893 1896 2067
 3092 1968 2078 3544
 3093 2175 2994 2078
 3094 3544 2078 2994
 3095 2002 2003 2004
 3096 2005 3635 2003
 3097 2004 2003 3635
 3098 1749 3635 2022
 3099 2005 2045 3635
 3100 2022 3635 2045
 3101 2977 2006 3604
 3102 2005 2003 2006
 3103 3604 2006 2003
 3104  925  929  926
 3105 3212 1930  929
 3106  926  929 1930
 3107  934 1930  937
 3108 3212 3213 1930
 3109  937 1930 3213
 3110 1941 3467 1942
 3111 3212  929 3467
 3112 1942 3467  929
 3113 1983 3643 1984
 3114 2119 2077 3643
 3115 1984 3643 2077
 3116  650 1919 1920
 3117 2147 3631 1919
 3118 1920 1919 3631
 3119 1176 2861 1904
 3120 2062 2862 2861
 3121 1904 2861 2862
 3122 2147 1969 3631
 3123 1968 1924 1969
 3124 3631 1969 1924
 3125 2962 3641 3634
 3126 3640 2142 3641
 3127 3634 3641 2142
 3128 1949 2025 3636
 3129 2072 2074 2025
 3130 3636 2025 2074
 3131 2139 3229 2024
 3132 2072 2025 3229
 3133 2024 3229 2025
 3134 1945 2088 2089
 3135 2263 2155 2088
 3136 2089 2088 2155
 3137 2065 2066 2067
 3138 2005 2006 2066
 3139 2067 2066 2006
 3140 1935 2125 1938
 3141 2123 2095 2125
 3142 1938 2125 2095
 3143 2119 2120 2077
 3144 2123 2125 2120
 3145 2077 2120 2125
 3146 2058 2060 3528
 3147 2969 3529 2060
 3148 3528 2060 3529
 3149 1954 1955 1879
 3150 2991 2964 1955
 3151 1879 1955 2964
 3152 2037 2038 2039
 3153 1279 2114 2038
 3154 2039 2038 2114
 3155 2969 1281 3529
 3156 1279 2038 1281
 3157 3529 1281 2038
 3158 1964 1967 1965
 3159 2183 2185 1967
 3160 1965 1967 2185
 3161 1964 2976 1967
 3162 2256 2258 2976
 3163 1967 2976 2258
 3164  428 2536 2023
 3165 2256 2976 2536
 3166 2023 2536 2976
 3167 2807 2809 2975
 3168 2191 2193 2809
 3169 2975 2809 2193
 3170 2183 2184 2185
 3171 2191 2809 2184
 3172 2185 2184 2809
 3173 2147 2148 1969
 3174 2997 3654 2148
 3175 1969 2148 3654
 3176 1968 3654 2078
 3177 2997 2176 3654
 3178 2078 3654 2176
 3179 2062 2179 2862
 3180 2997 2148 2179
 3181 2862 2179 2148
 3182 1991 2112 2113
 3183 2298 3647 2112
 3184 2113 2112 3647
 3185 2263 2265 2155
 3186 2298 2112 2265
 3187 2155 2265 2112
 3188 1910 2102 1911
 3189 2100 2063 2102
 3190 1911 2102 2063
 3191 2062 2063 2179
 3192 2100 3005 2063
 3193 2179 2063 3005
 3194 2096 2097 2008
 3195 2100 2102 2097
 3196 2008 2097 2102
 3197 2080 2081 2082
 3198 1229 2059 2081
 3199 2082 2081 2059
 3200 2058 2059 2060
 3201 1229 2284 2059
 3202 2060 2059 2284
 3203 3640 3653 2142
 3204 1229 2081 3653
 3205 2142 3653 2081
 3206 3234 3235 1947
 3207 2187 2190 3235
 3208 1947 3235 2190
 3209 1945 2190 2088
 3210 2187 2189 2190
 3211 2088 2190 2189
 3212 2175 2271 2994
 3213 2187 3235 2271
 3214 2994 2271 3235
 3215 3222 2198 3223
 3216 1626 3445 2198
 3217 3223 2198 3445
 3218 2298 1514 3647
 3219 1626 2198 1514
 3220 3647 1514 2198
 3221 1631 1633 1634
 3222  769  770 1633
 3223 1634 1633  770
 3224 1941  770 3467
 3225  769  772  770
 3226 3467  770  772
 3227 1626 1262 3445
 3228  769 1633 1262
 3229 3445 1262 1633
 3230 1954 2973 1955
 3231 2014 2016 2973
 3232 1955 2973 2016
 3233  769 2118  772
 3234 1892 3213 2118
 3235  772 2118 3213
 3236 2183 2234 2184
 3237 2231 2233 2234
 3238 2184 2234 2233
 3239 2383 3345 2988
 3240 2273 2275 3345
 3241 2988 3345 2275
 3242 2191 2192 2193
 3243 2273 3345 2192
 3244 2193 2192 3345
 3245 2104 2105 2106
 3246 2143 3218 2105
 3247 2106 2105 3218
 3248 2014 2015 2016
 3249 2143 2145 2015
 3250 2016 2015 2145
 3251 1987 3652 1988
 3252 3139 2140 3652
 3253 1988 3652 2140
 3254 2123 2205 2095
 3255 3139 3652 2205
 3256 2095 2205 3652
 3257 2005 2987 2045
 3258 2324 1200 2987
 3259 2045 2987 1200
 3260 2065 2206 2066
 3261 2324 2987 2206
 3262 2066 2206 2987
 3263 2072 2214 2074
 3264  218 2261 2214
 3265 2074 2214 2261
 3266 2187 3530 2189
 3267 2366 3201 3530
 3268 2189 3530 3201
 3269 2119 2122 2120
 3270 3649 2313 2122
 3271 2120 2122 2313
 3272 1979 2114 2115
 3273 1279 2217 2114
 3274 2115 2114 2217
 3275 1279 2216 2217
 3276 2202 2546 2216
 3277 2217 2216 2546
 3278 2545 2546 2547
 3279 2202 2204 2546
 3280 2547 2546 2204
 3281 2971 1282 2307
 3282 1279 1281 1282
 3283 2307 1282 1281
 3284 2191 2293 2192
 3285 3263 2322 2293
 3286 2192 2293 2322
 3287 2231 2291 2233
 3288 3263 2293 2291
 3289 2233 2291 2293
 3290 2183 2289 2234
 3291 2600 2336 2289
 3292 2234 2289 2336
 3293 2256 2257 2258
 3294 2600 2289 2257
 3295 2258 2257 2289
 3296 1892 2118 1896
 3297  769 2117 2118
 3298 1896 2118 2117
 3299 2997 2244 2176
 3300 2242 2243 2244
 3301 2176 2244 2243
 3302 2100 2283 3005
 3303 2242 2244 2283
 3304 3005 2283 2244
 3305 2202 2203 2204
 3306 2119 3643 2203
 3307 2204 2203 3643
 3308 2096 2099 2097
 3309 3645 2314 2099
 3310 2097 2099 2314
 3311 2100 2314 2283
 3312 3645 2339 2314
 3313 2283 2314 2339
 3314  218 2260 2261
 3315 3645 2099 2260
 3316 2261 2260 2099
 3317 3139 2888 2140
 3318 2072 3229 2888
 3319 2140 2888 3229
 3320 2143 2980 2145
 3321 2207 2672 2980
 3322 2145 2980 2672
 3323 2991 2672 2673
 3324 2207 2210 2672
 3325 2673 2672 2210
 3326 2104 2215 2105
 3327 2207 2980 2215
 3328 2105 2215 2980
 3329 2263 2264 2265
 3330 2295 2319 2264
 3331 2265 2264 2319
 3332 2366 2296 3201
 3333 2295 2264 2296
 3334 3201 2296 2264
 3335 1229 1861 2284
 3336 1859 3679 1861
 3337 2284 1861 3679
 3338 2962 2210 3641
 3339 2207 2209 2210
 3340 3641 2210 2209
 3341  428 3726 2536
 3342 2594 3704 3726
 3343 2536 3726 3704
 3344 2324 2326 1200
 3345 2594 3726 2326
 3346 1200 2326 3726
 3347 2298 2299 1514
 3348 3254 3675 2299
 3349 1514 2299 3675
 3350 2324 2325 2326
 3351 3254 2597 2325
 3352 2326 2325 2597
 3353 2175 2270 2271
 3354 3013 3014 2270
 3355 2271 2270 3014
 3356 2187 3014 3530
 3357 3013 2367 3014
 3358 3530 3014 2367
 3359 2242 2247 2243
 3360 3013 2270 2247
 3361 2243 2247 2270
 3362 1279 1282 2216
 3363 2971 3478 1282
 3364 2216 1282 3478
 3365 2202 3478 2203
 3366 2971 2277 3478
 3367 2203 3478 2277
 3368 1859 2310 3679
 3369 2971 2307 2310
 3370 3679 2310 2307
 3371 2273 2274 2275
 3372 2286 3250 2274
 3373 2275 2274 3250
 3374 1229 1231 1861
 3375 2286 2359 1231
 3376 1861 1231 2359
 3377 2286 2300 3250
 3378 2207 2215 2300
 3379 3250 2300 2215
 3380 2273 2323 2274
 3381 3253 2334 2323
 3382 2274 2323 2334
 3383 2286 2334 2359
 3384 3253 2346 2334
 3385 2359 2334 2346
 3386 3263 3683 2322
 3387 3253 2323 3683
 3388 2322 3683 2323
 3389 2298 2319 2299
 3390 2295 3682 2319
 3391 2299 2319 3682
 3392 2119 2277 2122
 3393 2971 3677 2277
 3394 2122 2277 3677
 3395 2123 2306 2205
 3396 2340 2342 2306
 3397 2205 2306 2342
 3398 3649 3681 2313
 3399 2340 2306 3681
 3400 2313 3681 2306
 3401 1626 2267 1262
 3402 2065 2117 2267
 3403 1262 2267 2117
 3404 3139 3140 2888
 3405 2347 3008 3140
 3406 2888 3140 3008
 3407 2072 3008 2214
 3408 2347 2349 3008
 3409 2214 3008 2349
 3410 2340 2341 2342
 3411 2347 3140 2341
 3412 2342 2341 3140
 3413   41   44   42
 3414  113 1797   44
 3415   42   44 1797
 3416 1004 1005 1006
 3417  113 1704 1005
 3418 1006 1005 1704
 3419 2256 2318 2257
 3420  290  293 2318
 3421 2257 2318  293
 3422 2594 2585 3704
 3423  290 2318 2585
 3424 3704 2585 2318
 3425 2347 2348 2349
 3426 2360 2362 2348
 3427 2349 2348 2362
 3428 1859 2344 2310
 3429 2329 2332 2344
 3430 2310 2344 2332
 3431 2971 2332 3677
 3432 2329 2331 2332
 3433 3677 2332 2331
 3434 3253 2364 2346
 3435 2329 2344 2364
 3436 2346 2364 2344
 3437  218  221 2260
 3438 2370 2372  221
 3439 2260  221 2372
 3440 2360 2361 2362
 3441 2370  221 2361
 3442 2362 2361  221
 3443 2065 2268 2206
 3444 3254 2325 2268
 3445 2206 2268 2325
 3446 3254 2268 3675
 3447 2065 2267 2268
 3448 3675 2268 2267
 3449 2207 2300 2209
 3450 2286 2287 2300
 3451 2209 2300 2287
 3452 2286 1231 2287
 3453 1229 3653 1231
 3454 2287 1231 3653
 3455 2242 2339 2247
 3456 3645 3685 2339
 3457 2247 2339 3685
 3458 2347 2385 2348
 3459 3027 2400 2385
 3460 2348 2385 2400
 3461 2340 2394 2341
 3462 3027 2385 2394
 3463 2341 2394 2385
 3464 2295 2595 3682
 3465 2594 2597 2595
 3466 3682 2595 2597
 3467 3649 3687 3681
 3468 1573 2393 3687
 3469 3681 3687 2393
 3470 2340 2393 2394
 3471 1573 2605 2393
 3472 2394 2393 2605
 3473 2329 3022 2331
 3474 1573 3687 3022
 3475 2331 3022 3687
 3476 2231 2328 2291
 3477 2408 3684 2328
 3478 2291 2328 3684
 3479 1573 2382 2605
 3480 2408 2410 2382
 3481 2605 2382 2410
 3482 2231 2337 2328
 3483 2606 2409 2337
 3484 2328 2337 2409
 3485 2408 2409 2410
 3486 2606 3028 2409
 3487 2410 2409 3028
 3488 2600 2602 2336
 3489 2606 2337 2602
 3490 2336 2602 2337
 3491  290 2380  293
 3492 2412 2601 2380
 3493  293 2380 2601
 3494 2360 3690 2361
 3495 2412 2398 3690
 3496 2361 3690 2398
 3497 3263 2365 3683
 3498 2329 2364 2365
 3499 3683 2365 2364
 3500 2295 2358 2595
 3501 2355 3267 2358
 3502 2595 2358 3267
 3503 2594 3267 2585
 3504 2355 2389 3267
 3505 2585 3267 2389
 3506 2366 2356 2296
 3507 2355 2358 2356
 3508 2296 2356 2358
 3509 2366 2368 2356
 3510 2418 2386 2368
 3511 2356 2368 2386
 3512 2412 2419 2398
 3513 2418 2374 2419
 3514 2398 2419 2374
 3515 2366 2367 2368
 3516 3013 3024 2367
 3517 2368 2367 3024
 3518 3013 2371 3024
 3519 2370 2374 2371
 3520 3024 2371 2374
 3521 3645 2372 3685
 3522 2370 2371 2372
 3523 3685 2372 2371
 3524 2360 2401 3690
 3525 2606 2608 2401
 3526 3690 2401 2608
 3527 2360 2400 2401
 3528 3027 3028 2400
 3529 2401 2400 3028
 3530 2600 2601 2602
 3531 2412 2608 2601
 3532 2602 2601 2608
 3533 2408 2382 3684
 3534 1573 2381 2382
 3535 3684 2382 2381
 3536 2418 2419 2386
 3537 2412 2413 2419
 3538 2386 2419 2413
 3539 2412 2380 2413
 3540  290 2389 2380
 3541 2413 2380 2389
 3542 1573 3022 2381
 3543 2329 2365 3022
 3544 2381 3022 2365
 3545  113  115  114
 3546   21 1652  115
 3547  114  115 1652
 3548 3507 1795 1704
 3549 1793  425 1795
 3550 1704 1795  425
 3551 1793 1510  425
 3552   21  115 1510
 3553  425 1510  115
 3554 3275 3277 3276
 3555 1409 3625 3277
 3556 3276 3277 3625
 3557 3352 3502 3503
 3558 2053 2055 3502
 3559 3503 3502 2055
 3560 2053 2056 2055
 3561 1409 3277 2056
 3562 2055 2056 3277
 3563 3326 3327   33
 3564 3328   35 3327
 3565   33 3327   35
 3566 3351 1775 3719
 3567   24 1644 1775
 3568 3719 1775 1644
 3569 3351 1652 1775
 3570   21 1653 1652
 3571 1775 1652 1653
 3572   24  836 1644
 3573   32   35  836
 3574 1644  836   35
 3575 3352   10 3502
 3576    9 1769   10
 3577 3502   10 1769
 3578 1839 1841 1803
 3579 3104 1802 1841
 3580 1803 1841 1802
 3581 2776 1842 2574
 3582 1839 3721 1842
 3583 2574 1842 3721
 3584 1839 1842 1841
 3585 2776 3105 1842
 3586 1841 1842 3105
 3587 1409 2572 3625
 3588 2571 3626 2572
 3589 3625 2572 3626
 3590 2571 2572 2574
 3591 1409 3550 2572
 3592 2574 2572 3550
 3593  116    6  117
 3594    9   10    6
 3595  117    6   10
 3596  100 3337 3338
 3597   15 3321 3337
 3598 3338 3337 3321
 3599   15   13 3321
 3600    9    6   13
 3601 3321   13    6
 3602 1793 1795 1796
 3603 3507 1802 1795
 3604 1796 1795 1802
 3605   41   43   42
 3606   48 3335   43
 3607   42   43 3335
 3608 3334 3599 1706
 3609   75 1007 3599
 3610 1706 3599 1007
 3611 1880 2027 2487
 3612 3186  747 2027
 3613 2487 2027  747
 3614 3186 3251  747
 3615 2785 1700 3251
 3616  747 3251 1700
 3617 2785 1293 1700
 3618   98 1294 1293
 3619 1700 1293 1294
 3620   75 3599   19
 3621 3334 3335 3599
 3622   19 3599 3335
 3623 3330   38 3332
 3624   36   40   38
 3625 3332   38   40
 3626 2496 2498 2497
 3627   53  119 2498
 3628 2497 2498  119
 3629 2496   40 2498
 3630   36  467   40
 3631 2498   40  467
 3632   75 1288 1007
 3633 1638 1724 1288
 3634 1007 1288 1724
 3635 1004 1724 1725
 3636 1638 1829 1724
 3637 1725 1724 1829
 3638 1828 1829 1831
 3639 1638 2315 1829
 3640 1831 1829 2315
 3641 2515 2516 2518
 3642 2128 2317 2516
 3643 2518 2516 2317
 3644 2515 2315 2516
 3645 1638 1806 2315
 3646 2516 2315 1806
 3647   98    7 3320
 3648    5    8    7
 3649 3320    7    8
 3650   59  103 3348
 3651 3323 3346  103
 3652 3348  103 3346
 3653   59    8  103
 3654    5 3322    8
 3655  103    8 3322
 3656   98 1293    7
 3657 2785 3294 1293
 3658    7 1293 3294
 3659   48   43   52
 3660   41  119   43
 3661   52   43  119
 3662 2128 3187 2317
 3663 3186 2027 3187
 3664 2317 3187 2027
 3665 3484  873 3485
 3666   66  874  873
 3667 3485  873  874
 3668  876  878  877
 3669   45 3486  878
 3670  877  878 3486
 3671   45   46 3486
 3672   66  873   46
 3673 3486   46  873
 3674 1524 1527 1526
 3675 2448 3577 1527
 3676 1526 1527 3577
 3677 1563 1932 1931
 3678 1259 3571 1932
 3679 1931 1932 3571
 3680 1259 3549 3571
 3681 2448 1527 3549
 3682 3571 3549 1527
 3683  842  754  845
 3684  753  755  754
 3685  845  754  755
 3686 1187 1188 1505
 3687  475 1497 1188
 3688 1505 1188 1497
 3689 1187  874 1188
 3690   66  477  874
 3691 1188  874  477
 3692  475 2907 1497
 3693 2905  755 2907
 3694 1497 2907  755
 3695 1563 1934 1932
 3696  666 1068 1934
 3697 1932 1934 1068
 3698 1544 1547 1546
 3699 1939 1543 1547
 3700 1546 1547 1543
 3701 3578 3725 2914
 3702 1939 1547 3725
 3703 2914 3725 1547
 3704 1939 3725 1844
 3705 3578 3245 3725
 3706 1844 3725 3245
 3707 1551 1929 1553
 3708 2407 3245 1929
 3709 1553 1929 3245
 3710 1551 3577 1929
 3711 2448 2166 3577
 3712 1929 3577 2166
 3713 1528 1933 1530
 3714  666 1934 1933
 3715 1530 1933 1934
 3716  408  410  409
 3717  998  999  410
 3718  409  410  999
 3719  998  668  999
 3720  666 1933  668
 3721  999  668 1933
 3722   45  878 1561
 3723  876 1543  878
 3724 1561  878 1543
 3725  475  468  476
 3726   36  467  468
 3727  476  468  467
 3728   48   49   52
 3729   66   67   49
 3730   52   49   67
 3731   48   19   49
 3732   75   77   19
 3733   49   19   77
 3734   75   76   77
 3735   45   46   76
 3736   77   76   46
 3737 1638  424 1288
 3738   45   76  424
 3739 1288  424   76
 3740   45  424 1561
 3741 1638 1533  424
 3742 1561  424 1533
 3743 2407 1737 2456
 3744 1638 1806 1737
 3745 2456 1737 1806
 3746 2448 2449 2450
 3747 2128 3187 2449
 3748 2450 2449 3187
 3749 2128 2449 2456
 3750 2448 2166 2449
 3751 2456 2449 2166
 3752 3186 3452 2450
 3753 1259 3549 3452
 3754 2450 3452 3549
 3755 2785 2786 3251
 3756 1259 3452 2786
 3757 3251 2786 3452
 3758  666 2455  667
 3759 2785 3294 2455
 3760  667 2455 3294
 3761  998 3451 3606
 3762    5 3322 3451
 3763 3606 3451 3322
 3764    5 3451  667
 3765  998  668 3451
 3766  667 3451  668
 3767 1638 1737 1533
 3768 2407 1844 1737
 3769 1533 1737 1844
 3770 2785 2455 2786
 3771  666 1068 2455
 3772 2786 2455 1068
 3773   66  477   67
 3774  475  476  477
 3775   67  477  476
 3776   36  468  859
 3777  475 2907  468
 3778  859  468 2907
 3779  120 2467 2466
 3780 2472 2529 2467
 3781 2466 2467 2529
 3782  545 2530 3716
 3783 2472 2086 2530
 3784 3716 2530 2086
 3785 1567 1481 3710
 3786 1479 2582 1481
 3787 3710 1481 2582
 3788 2738 3358 1569
 3789 3356 2649 3358
 3790 1569 3358 2649
 3791 1580 1438 1805
 3792 1436 3584 1438
 3793 1805 1438 3584
 3794  312 3602 3603
 3795 3560 3561 3602
 3796 3603 3602 3561
 3797 3560 1437 3561
 3798 1436 1438 1437
 3799 3561 1437 1438
 3800 3356 1480 2649
 3801 1479 1481 1480
 3802 2649 1480 1481
 3803 2653 3697 2484
 3804 2586 2486 3697
 3805 2484 3697 2486
 3806 2522 2524 2523
 3807 2718 2656 2524
 3808 2523 2524 2656
 3809 2662 2520  145
 3810 2519  147 2520
 3811  145 2520  147
 3812  953 2701 3715
 3813 2519  889 2701
 3814 3715 2701  889
 3815 2904 2902 3698
 3816  463  466 2902
 3817 3698 2902  466
 3818 2084 2085  954
 3819 1585  957 2085
 3820  954 2085  957
 3821  953  957 2701
 3822 1585 1587  957
 3823 2701  957 1587
 3824 2472 2475 2086
 3825 1585 2085 2475
 3826 2086 2475 2085
 3827 2653 2656 3697
 3828 2718 2719 2656
 3829 3697 2656 2719
 3830 2738  127 3358
 3831  124  125  127
 3832 3358  127  125
 3833 1436 3583 3584
 3834  172  175 3583
 3835 3584 3583  175
 3836 3369 2506 2739
 3837  124  127 2506
 3838 2739 2506  127
 3839 1601  175 2743
 3840  172 2508  175
 3841 2743  175 2508
 3842 2519 1587  147
 3843 1585 1588 1587
 3844  147 1587 1588
 3845 1585  123 1588
 3846  120  121  123
 3847 1588  123  121
 3848 2522 2924 2524
 3849  545 3501 2924
 3850 2524 2924 3501
 3851 1585 2475  123
 3852 2472 2467 2475
 3853  123 2475 2467
 3854 2519 2520  889
 3855 2662 1051 2520
 3856  889 2520 1051
 3857 2662  466 1051
 3858  463  464  466
 3859 1051  466  464
 3860  545 2924 2530
 3861 2522 2529 2924
 3862 2530 2924 2529
 3863  124 2506  165
 3864 3369  167 2506
 3865  165 2506  167
 3866 3369 2508  167
 3867  172 2592 2508
 3868  167 2508 2592
 3869 3560 1732 1437
 3870  267 1439 1732
 3871 1437 1732 1439
 3872 1598 1600 2647
 3873 1436 1439 1600
 3874 2647 1600 1439
 3875  254  166 2661
 3876  164  180  166
 3877 2661  166  180
 3878  210  126  212
 3879  124 2507  126
 3880  212  126 2507
 3881  124  165 2507
 3882  164  166  165
 3883 2507  165  166
 3884 3356 3357 3570
 3885  210 3580 3357
 3886 3570 3357 3580
 3887 1479 1482 3703
 3888  238 3316 1482
 3889 3703 1482 3316
 3890  267 1732 1874
 3891 3560 3713 1732
 3892 1874 1732 3713
 3893  210 3357  126
 3894 3356  125 3357
 3895  126 3357  125
 3896  238 1482 3570
 3897 1479 1480 1482
 3898 3570 1482 1480
 3899 1436 1600 3583
 3900 1598  174 1600
 3901 3583 1600  174
 3902 1598 2927  174
 3903 2926 2593 2927
 3904  174 2927 2593
 3905 2926  180 2593
 3906  164 2592  180
 3907 2593  180 2592
 3908 2699 2698 2700
 3909 3179 3702 2698
 3910 2700 2698 3702
 3911 3179  239 3383
 3912  238  240  239
 3913 3383  239  240
 3914  238 3580  240
 3915  210 3384 3580
 3916  240 3580 3384
 3917  210  211 3384
 3918  250  252  211
 3919 3384  211  252
 3920  250  211  255
 3921  210  212  211
 3922  255  211  212
 3923  250  255 3385
 3924  254  256  255
 3925 3385  255  256
 3926 2657 2658 3175
 3927 1598 1809 2658
 3928 3175 2658 1809
 3929  267  200 2647
 3930  197 1809  200
 3931 2647  200 1809
 3932  197  200 3075
 3933  267  268  200
 3934 3075  200  268
 3935 1050 1875 2885
 3936 1873 2691 1875
 3937 2885 1875 2691
 3938 1873 1875 1874
 3939 1050  268 1875
 3940 1874 1875  268
 3941 3179 2698  239
 3942 2699 3316 2698
 3943  239 2698 3316
 3944 1598 2658 2927
 3945 2657 2659 2658
 3946 2927 2658 2659
 3947 2657  256 2659
 3948  254 2661  256
 3949 2659  256 2661
 3950 2483 2485 2484
 3951 3179 2655 2485
 3952 2484 2485 2655
 3953 2650 2654 3383
 3954 2653 2655 2654
 3955 3383 2654 2655
 3956 2657  122 3385
 3957  120 2468  122
 3958 3385  122 2468
 3959  197  146 3175
 3960  144 3355  146
 3961 3175  146 3355
 3962  144  121 3355
 3963  120  122  121
 3964 3355  121  122
 3965 2662 2664 2663
 3966  197 3075 2664
 3967 2663 2664 3075
 3968 3651 2903 2885
 3969 2904 2489 2903
 3970 2885 2903 2489
 3971 3179 2485 3702
 3972 2483 3705 2485
 3973 3702 2485 3705
 3974 2522 2525 3696
 3975 2650  252 2525
 3976 3696 2525  252
 3977  197 2664  146
 3978 2662  145 2664
 3979  146 2664  145
 3980 1050 2489 2663
 3981 2904 3698 2489
 3982 2663 2489 3698
 3983 2650 2525 2654
 3984 2522 2523 2525
 3985 2654 2525 2523
 3986  250 2468 3696
 3987  120 2466 2468
 3988 3696 2468 2466
