
 2
 2
 1
 1
 0
 2
0.1000E+06
0.0000E+00
   16
   8
0.0000    0.0000
1.6667    0.0000
0.8333    0.0000
3.3333    0.0000
2.5000    0.0000
5.0000    0.0000
4.1667    0.0000
5.0000   1.0000
5.0000   0.5000
3.3333   1.0000
4.1667   1.0000
1.6667   1.0000
2.5000   1.0000
0.0000   1.0000
0.8333   1.0000
0.0000    0.5000
    1    2    3
    2    4    5
    4    6    7
    6    8    9
    8    10   11
    10   12   13
    12   14   15
    14   1   16
    1
    8  0.0 0.0 0.0 0.0 0.0 0.0
    1
    4     0.0      -10     0.0         -10.0        0.0       -10.0
    